0.159302949905,0.0311341381166,329.319576267
0.184976100922,0.0310544320382,329.317635158
0.210732936859,0.03135523526,329.341824399
0.236322164536,0.0308610557113,329.306350322
0.261890172958,0.0314686342608,329.351951834
0.287539958954,0.0307846954092,329.330138164
0.313163042068,0.0314881955273,329.34627193
0.33878993988,0.0307732680812,329.311993439
0.364408969879,0.0314504280686,329.349834705
0.390038967133,0.0308012857568,329.33258242
0.415662050247,0.031373212114,329.342446057
0.441285133362,0.0308918964583,329.345876817
0.466913938522,0.0312257697806,329.335453222
0.492557048798,0.0310502690263,329.332662048
0.518172979355,0.0310170301236,329.333387781
0.54382109642,0.0312420527916,329.359969357
0.569463968277,0.0308221322484,329.324288759
0.595091104507,0.0313773471862,329.372693552
0.620718955994,0.0307202956174,329.339797841
0.646341085434,0.0314151775092,329.380365554
0.671957969666,0.0307032384444,329.33928608
0.697579145432,0.0313918117899,329.388091108
0.723201990128,0.0307305750903,329.347498482
0.748826026917,0.0313284154981,329.374642344
0.774438142776,0.0308027758729,329.358631046
0.80020403862,0.0312025693711,329.355471302
0.825876951218,0.0309701648075,329.360289266
0.851511955261,0.0309725105762,329.366944497
0.87713098526,0.0311655399855,329.376537353
0.902760028839,0.030771731399,329.354543937
0.928389072418,0.0313045829535,329.373593442
0.954029083252,0.0306609459221,329.359521158
0.97965502739,0.0313515402377,329.380127601
1.00527906418,0.0306384556461,329.332219902
1.03091216087,0.0313321361318,329.387844075
1.0565340519,0.0306609389372,329.337180592
1.08215808868,0.0312698830385,329.354639864
1.10778594017,0.030730223516,329.347647959
1.13340616226,0.0311500043608,329.373656539
1.15903711319,0.0308693153784,329.376601847
1.18469309807,0.0309556897264,329.373621149
1.21031308174,0.0310641922988,329.363777302
1.23594498634,0.0307474506553,329.380027251
1.26156616211,0.0312250456773,329.372148961
1.28718805313,0.0306146522053,329.351993278
1.31281399727,0.0312912638765,329.38554883
1.33843398094,0.0305776682217,329.353009816
1.36405396461,0.0312813266646,329.3894378
1.38969016075,0.0305950955953,329.34126514
1.41532707214,0.0312316883355,329.376940848
1.44094800949,0.0306510052178,329.351647757
1.46658301353,0.0311237887945,329.355750466
1.49221801758,0.030777779175,329.366136109
1.51785302162,0.0309426418971,329.368321458
1.54348015785,0.0309709005523,329.382452182
1.56910705566,0.0307314982638,329.368983628
1.59475016594,0.0311450811569,329.380488023
1.62038111687,0.0305820652284,329.367414117
1.64602994919,0.0312362727709,329.370433697
1.67165803909,0.0305292673875,329.342183191
1.69747900963,0.0312322471291,329.381491523
1.72318410873,0.0305423012469,329.342089593
1.74884104729,0.0311724003404,329.372491688
1.77452111244,0.0306014239322,329.338136362
1.80015802383,0.0310519349296,329.36183433
1.82578897476,0.0307387311477,329.365934944
1.85141396523,0.0308602128644,329.362959601
1.87703895569,0.0309316557832,329.361272743
1.90266013145,0.0306523777544,329.35779565
1.92828512192,0.031095269369,329.365707701
1.95390796661,0.0305136875249,329.345774604
1.97952795029,0.0311736145522,329.365067417
2.0051510334,0.0304654601496,329.331229208
2.03077411652,0.0311689835507,329.376108013
2.05639410019,0.0304795836564,329.326395644
2.08203315735,0.0311262067407,329.359001713
2.10767102242,0.0305288447998,329.340288648
2.13330101967,0.03102765535,329.343872378
2.15892601013,0.0306467886548,329.344602767
2.18456101418,0.0308559427503,329.351946944
2.21018195152,0.0308295909781,329.364755424
2.23581910133,0.0306436780374,329.315882409
2.2614440918,0.0310175563209,329.341657925
2.28707313538,0.0304854603019,329.340767581
2.31269598007,0.0311116105877,329.340811353
2.33832216263,0.0304181443062,329.33571958
2.36394405365,0.0311247259378,329.35028174
2.389564991,0.0304219359532,329.324792838
2.41519212723,0.0310826580971,329.359294847
2.44081902504,0.0304593786132,329.322112724
2.46644306183,0.0309996539727,329.350904562
2.49206495285,0.0305541127454,329.326824285
2.51770615578,0.0308481848333,329.335028771
2.54332613945,0.0307263457216,329.330015229
2.5691280365,0.0306089490186,329.335372429
2.59475898743,0.0309454801027,329.337824602
2.62038207054,0.0304382632021,329.327661311
2.64602208138,0.031051262049,329.350023996
2.6716439724,0.0303598772734,329.317934811
2.69726705551,0.0310670863837,329.342442797
2.7229039669,0.0303592800628,329.297444783
2.74852800369,0.0310323631857,329.349334119
2.77415704727,0.030395850772,329.313581344
2.7997879982,0.0309529993683,329.320254736
2.82541203499,0.030492853839,329.327570274
2.85103607178,0.0308075232897,329.318670556
2.87666010857,0.0306581601035,329.331695568
2.90228104591,0.0305967580061,329.33105249
2.92790603638,0.0308526703157,329.31931573
2.95352911949,0.0304139929358,329.312817426
2.97915196419,0.0309791998006,329.331957502
3.00477910042,0.0303195265587,329.306490254
3.03040313721,0.0310205982532,329.336567549
3.056027174,0.0303047371563,329.292771174
3.08164596558,0.0309959915467,329.330022447
3.10727405548,0.0303322239779,329.30172584
3.13290214539,0.0309297617059,329.316082411
3.15852403641,0.0304076971952,329.296956537
3.18414306641,0.0307998631615,329.328602878
3.20997095108,0.0305563316215,329.32678936
3.23563313484,0.0305628450587,329.300056444
3.26126003265,0.0307878234889,329.328274122
3.28689813614,0.0303726491984,329.312358983
3.31254601479,0.0309234356973,329.322727397
3.33817005157,0.03026834107,329.299147241
3.36381006241,0.0309648597613,329.319560667
3.38944506645,0.0302483839914,329.288322711
3.41506409645,0.0309436372481,329.317797441
3.44069910049,0.0302818638738,329.290717142
3.46631598473,0.0308767263778,329.321055207
3.49193716049,0.0303569796961,329.289128771
3.51756501198,0.0307491584681,329.296741867
3.54319214821,0.0305056537036,329.29927134
3.5688149929,0.0305504794233,329.288861249
3.5944340229,0.0307013071142,329.322982579
3.62006497383,0.0303528236691,329.300278798
3.64569997787,0.0308510253672,329.311924987
3.67133116722,0.0302286783699,329.297192628
3.69695615768,0.0309115904383,329.337986419
3.72256803513,0.0301979854703,329.286145279
3.74819111824,0.0308990047779,329.332985217
3.7738161087,0.0302174128592,329.303594772
3.79943609238,0.0308476679493,329.324406106
3.82505607605,0.0302765960805,329.311786918
3.85069894791,0.0307423761114,329.320201185
3.87631702423,0.0304087507538,329.309718916
3.90194511414,0.0305601255968,329.309708439
3.9275701046,0.0306037149858,329.323118553
3.95319104195,0.0303528469522,329.295573523
3.97881698608,0.0307764147874,329.320732737
4.0044400692,0.0302016199566,329.304071842
4.03006505966,0.0308541860431,329.333384521
4.05569195747,0.0301496300381,329.310121248
4.08131599426,0.0308542174753,329.342653975
4.10694599152,0.0301601097453,329.307565931
4.13256716728,0.0308162136935,329.347136663
4.15819311142,0.0302108679898,329.307129607
4.18381404877,0.0307233736385,329.344914993
4.20943903923,0.0303214427549,329.319831217
4.23506402969,0.0305586319882,329.324190272
4.2606921196,0.0305028981529,329.316310585
4.28631496429,0.0303477887064,329.310030444
4.31193709373,0.0306862685829,329.336530063
4.33755803108,0.0301820377354,329.313793685
4.36318302155,0.0307996245101,329.341290751
4.38881611824,0.0301066029351,329.307442298
4.41443800926,0.030812935438,329.330795677
4.44006204605,0.0301044317894,329.324404011
4.46568799019,0.0307792704552,329.350639367
4.49131703377,0.0301421189215,329.322536243
4.51694893837,0.0307033560239,329.347541323
4.54260206223,0.0302397704218,329.336714232
4.56822800636,0.0305532920174,329.336827621
4.59384703636,0.0304117519408,329.325740458
4.61946606636,0.0303463009186,329.318689881
4.64509296417,0.0306019093841,329.344931291
4.67071509361,0.030165045755,329.313885653
4.69651508331,0.0307345949113,329.347559018
4.72218203545,0.0300670857541,329.327269457
4.74783015251,0.0307702447753,329.36580549
4.77345895767,0.0300610042177,329.317764379
4.79944014549,0.0307427742518,329.350271961
4.82512307167,0.0301243970171,329.325930914
4.85076594353,0.0306258525234,329.354803544
4.87639403343,0.0302403455134,329.3591775
4.90202403069,0.0304582878016,329.347942024
4.92768716812,0.0304279988632,329.348221887
4.95349907875,0.0302090274636,329.342720332
4.97912716866,0.0306364754215,329.363382189
5.00476503372,0.0300646352116,329.336348455
5.03039002419,0.030719464412,329.361044336
5.05602312088,0.030012485804,329.332822934
5.08170604706,0.0307201594114,329.35845945
5.10731196404,0.0300274242181,329.337645322
5.13289213181,0.0306755979545,329.360102303
5.15848517418,0.030073155649,329.343775287
5.18408513069,0.0305850722361,329.358055722
5.20970511436,0.0301768805366,329.35499982
5.23532700539,0.030425072182,329.35176813
5.26090407372,0.030359699158,329.34972248
5.2865459919,0.0302220450249,329.34045
5.31211900711,0.0305462093093,329.363523517
5.33776807785,0.0300553487614,329.343934078
5.36335301399,0.0306541076861,329.348386265
5.3889529705,0.0299746287055,329.34096246
5.41455698013,0.0306807446759,329.358641058
5.44012904167,0.0299640628509,329.343992053
5.46576905251,0.0306508247741,329.356711823
5.49134516716,0.0299959699623,329.347688239
5.51694417,0.0305847136769,329.367893748
5.54257702827,0.0300714268815,329.341551987
5.56815195084,0.0304587627761,329.360500677
5.59376311302,0.0302152894437,329.364995938
5.6193420887,0.0302717473824,329.364665085
5.64493513107,0.0304017879535,329.359974712
5.67055010796,0.0300783093553,329.350266373
5.69612598419,0.0305568659678,329.376901034
5.721763134,0.0299543817528,329.360052478
5.74734115601,0.030625796644,329.376525944
5.7729370594,0.0299111916684,329.352822155
5.79854607582,0.0306185358204,329.393617809
5.82412195206,0.0299244909547,329.352372559
5.84976315498,0.0305741722696,329.379662173
5.87534809113,0.0299727753736,329.357026145
5.9009449482,0.0304826395586,329.384360928
5.92655515671,0.0300797214732,329.370308202
5.95213198662,0.0303247990087,329.379317584
5.97776007652,0.0302501721308,329.3695061
6.0033390522,0.0301214936189,329.368736129
6.02893710136,0.0304318417329,329.380105017
6.05454707146,0.0299575377721,329.380745534
6.08013415337,0.0305525888689,329.377483111
6.10576200485,0.0298779120203,329.358563293
6.13134002686,0.0305794354063,329.390590312
6.15693616867,0.0298663589638,329.359969357
6.18258309364,0.0305521802511,329.387920443
6.20845293999,0.0298979936633,329.36252607
6.23409295082,0.0304644543212,329.383279663
6.25971794128,0.0300041493028,329.35772487
6.2853500843,0.0303190445993,329.377084272
6.31095409393,0.0301799329463,329.371465836
6.33657407761,0.0301196845248,329.358901596
6.36215615273,0.0303652603179,329.37266957
6.3877761364,0.0299391313456,329.371430445
6.41335201263,0.0304966128897,329.386619153
6.43895316124,0.0298434938304,329.343966208
6.46456694603,0.0305354222655,329.384852666
6.49014401436,0.0298200722318,329.344527097
6.51573204994,0.0305192405358,329.387567472
6.54133296013,0.029842897784,329.340209952
6.56693100929,0.0304644263815,329.384898767
6.59258008003,0.029904396506,329.366389196
6.61817598343,0.030347435968,329.357241979
6.64378595352,0.0300387549214,329.372442327
6.66935396194,0.0301706080791,329.372840701
6.69495511055,0.0302230275702,329.367826227
6.72057008743,0.0299756845925,329.369318206
6.74615216255,0.030387135921,329.367296305
6.7717730999,0.0298324564938,329.363620374
6.79743504524,0.0304734497331,329.388495767
6.82300496101,0.0297741999384,329.360799398
6.84864497185,0.0304821389727,329.391979612
6.87422013283,0.0297846039757,329.331829911
6.89983797073,0.03044674173,329.389563762
6.92545294762,0.0298259186093,329.373166198
6.9510281086,0.0303605035879,329.383733217
6.97665405273,0.0299191090744,329.345855629
7.00222611427,0.0302120728884,329.367858823
7.02783894539,0.0300831918139,329.355291091
7.05344700813,0.0300129165407,329.361160519
7.07902312279,0.0302734319121,329.367320286
7.10467815399,0.0298377941363,329.357447801
7.13024997711,0.0304011185654,329.374994384
7.15585398674,0.0297436316032,329.341824399
7.18145799637,0.0304405856878,329.375278438
7.207062006,0.0297266524285,329.352982808
7.23265814781,0.0304188334849,329.371212516
7.25822806358,0.0297539273743,329.341589473
7.28384399414,0.030365010025,329.367626458
7.30945515633,0.0298169848975,329.337653704
7.33505415916,0.0302537716925,329.363587545
7.36082816124,0.0299695902504,329.347743653
7.38643312454,0.030040142592,329.340172699
7.41200399399,0.0301648618188,329.367209226
7.43766307831,0.0298523146193,329.361545155
7.4632370472,0.0303180888295,329.360646661
7.48884606361,0.02971794107,329.360509757
7.51445412636,0.0303894781973,329.359276686
7.5400519371,0.0296784704551,329.33615474
7.56566309929,0.0303834339138,329.376485664
7.5912361145,0.0296908919699,329.326214967
7.61685013771,0.030340354424,329.352102242
7.64245796204,0.0297379354015,329.321124824
7.66808104515,0.030248091789,329.357897863
7.69398498535,0.0298476568423,329.342814628
7.71986413002,0.0300324219279,329.338876996
7.74556899071,0.030122003518,329.337447416
7.77120304108,0.0297899264842,329.33241548
7.79687714577,0.0302926532459,329.345402308
7.82258796692,0.0296652899124,329.32536304
7.8482439518,0.0303524197079,329.375074012
7.87388896942,0.029637417756,329.315125011
7.89957594872,0.0303311063908,329.356326954
7.92523217201,0.0296694459394,329.332013614
7.95088815689,0.0302691035904,329.352498753
7.97657394409,0.029744656058,329.333469039
8.00222802162,0.0301228044555,329.338609939
8.02788114548,0.0299131253269,329.33900971
8.05356502533,0.0299173803069,329.339558259
8.07919716835,0.0301214051433,329.35482054
8.10488200188,0.029714377597,329.326091334
8.13056612015,0.0302730617113,329.34457995
8.15620994568,0.0296120473649,329.322777456
8.1818921566,0.0303123868071,329.35296325
8.20757699013,0.0296022533439,329.319409095
8.23322510719,0.0302869779989,329.356093658
8.25889015198,0.0296389160212,329.313857947
8.28456807137,0.0302120205015,329.350778135
8.31020212173,0.029737673467,329.311791109
8.33587002754,0.0300610542763,329.330637818
8.36155796051,0.0299138599075,329.337636707
8.38719511032,0.0298364961054,329.312296351
8.41285896301,0.0301203597337,329.326925566
8.43856215477,0.029649612261,329.31896532
8.46419811249,0.0302482699044,329.343730351
8.48987317085,0.0295668293256,329.314348754
8.5155711174,0.0302739208564,329.345366685
8.54120707512,0.0295651087072,329.319744837
8.56687498093,0.0302363827359,329.335861374
8.59259295464,0.0296074396465,329.309958499
8.61824893951,0.0301435787696,329.337932868
8.643887043,0.0297282263637,329.330286244
8.66956400871,0.0299751514103,329.325075494
8.69519901276,0.0299164454918,329.322932288
8.72087097168,0.0297540461179,329.318451462
8.74656510353,0.0301122420933,329.332623631
8.7721991539,0.0295782578178,329.307297012
8.79791402817,0.030213277787,329.342375509
8.82357096672,0.0295163015835,329.321043566
8.84923315048,0.0302254769485,329.347195104
8.87490797043,0.0295273738448,329.325688072
8.90057206154,0.0301816652063,329.336296069
8.92622208595,0.0295875605661,329.321993282
8.95187902451,0.0300782476552,329.352246132
8.97756910324,0.0297126127407,329.337590374
9.00323605537,0.0298880040646,329.344535945
9.02888202667,0.0299204897601,329.340197612
9.0545630455,0.0296750420239,329.335034359
9.08019709587,0.0301054539159,329.363827128
9.1058781147,0.0295239291154,329.339609714
9.13156914711,0.0301896908786,329.365133075
9.15722203255,0.0294779066462,329.338358715
9.18287396431,0.0301842647605,329.369196203
9.20890212059,0.0294975412544,329.318731325
9.23457407951,0.0301066960674,329.357269686
9.26023602486,0.0295995257329,329.336058814
9.28590011597,0.0299703190103,329.339341959
9.31156897545,0.0297683000099,329.351934604
9.3372490406,0.0297525443602,329.33214982
9.36290407181,0.0299786508549,329.364932841
9.38856315613,0.0295524101239,329.337770352
9.41420006752,0.030121501768,329.343444202
9.43987512589,0.0294528191444,329.325184459
9.46556305885,0.0301582564134,329.338674899
9.49119710922,0.0294454442337,329.318364616
9.51686811447,0.0301251746714,329.352275236
9.54258394241,0.0294820638373,329.308998538
9.56824207306,0.0300446595065,329.363544239
9.59388899803,0.0295880087651,329.3389217
9.61956715584,0.0298912008293,329.35101632
9.64522409439,0.0297735119238,329.341003438
9.67087507248,0.0296696205623,329.344975762
9.69657301903,0.0299734144937,329.344501253
9.72222495079,0.0294813129585,329.353732523
9.74788117409,0.0300966633949,329.356859904
9.77371001244,0.029403999215,329.334102338
9.79936814308,0.0301152630709,329.366470221
9.82500600815,0.029415396275,329.337414121
9.85069894791,0.0300722464453,329.375603469
9.87635707855,0.0294688378926,329.339345917
9.90202498436,0.0299735891167,329.368501902
9.92771601677,0.0295921158977,329.351260094
9.95335197449,0.0297852116637,329.358483665
9.97900700569,0.0297960510943,329.361945856
10.0047471523,0.0295713893138,329.369971063
10.0304250717,0.0299923960119,329.368181294
10.0560610294,0.0294090877287,329.35848413
10.0817120075,0.0300762231927,329.363697441
10.107350111,0.0293668266386,329.372600187
10.1329960823,0.0300756818615,329.388299724
10.158686161,0.0293813995086,329.353920184
10.1843380928,0.0300236511976,329.400778981
10.2099909782,0.029451106675,329.350931104
10.2356841564,0.0299143558368,329.378949245
10.2613301277,0.0295961380471,329.369347077
10.2869820595,0.029714332195,329.366514692
10.3126630783,0.0297983142082,329.378934111
10.3383150101,0.0294994877186,329.365234589
10.3639621735,0.0299754098523,329.386132536
10.3896670341,0.0293681328185,329.379628412
10.4153380394,0.0300454918761,329.390472267
10.4409911633,0.0293317891192,329.358471325
10.4666969776,0.0300313008483,329.395532841
10.4923479557,0.0293594005052,329.35874653
10.5179979801,0.0299758603796,329.3819963
10.5436820984,0.0294358015526,329.360350966
10.5693280697,0.029843931552,329.383964883
10.5949800014,0.0295988470316,329.383938108
10.620661974,0.0296401570085,329.351619817
10.6463141441,0.0298081350047,329.370316351
10.6719641685,0.0294311577454,329.363695113
10.6978890896,0.0299610954244,329.386204481
10.7236511707,0.0293091265485,329.356655013
10.7493121624,0.0300146779045,329.398683505
10.7749650478,0.0293078436516,329.35378328
10.8006589413,0.029982967535,329.395944718
10.8263270855,0.0293546798639,329.36658687
10.8519799709,0.0298876024317,329.385755351
10.8776831627,0.0294642336667,329.370897263
10.903331995,0.0297184695955,329.3655077
10.9289801121,0.029664906906,329.353450797
10.954736948,0.0295006576926,329.36013327
10.980369091,0.0298702402506,329.387550009
11.0060031414,0.029324562056,329.353500158
11.0316870213,0.0299678952433,329.386108322
11.057338953,0.0292663497385,329.342022538
11.0829920769,0.0299765507225,329.380267765
11.1086809635,0.0292816571891,329.361333279
11.1343460083,0.0299353443552,329.3939305
11.159995079,0.0293395435438,329.378691968
11.1856811047,0.0298297160771,329.369667917
11.2113239765,0.0294717680663,329.379642615
11.2369911671,0.0296424922999,329.377130372
11.2626791,0.029672345845,329.38298001
11.2883281708,0.0294210750144,329.360479256
11.3139770031,0.0298582063988,329.390708823
11.3396830559,0.0292738818098,329.373844899
11.3653531075,0.0299425038975,329.389737453
11.3910031319,0.0292310724035,329.378489405
11.4166820049,0.02993276692,329.404617893
11.442332983,0.0292520632502,329.369305866
11.46799016,0.0298800913151,329.39903345
11.4936850071,0.0293190521188,329.375535715
11.5193331242,0.0297592848074,329.402131028
11.5449881554,0.0294747611042,329.36364715
11.5706951618,0.0295589270536,329.363424797
11.5963480473,0.0296849792358,329.384474549
11.621999979,0.02934015356,329.354767222
11.6476991177,0.0298505160026,329.366670921
11.6733441353,0.0292182213161,329.379023751
11.6989979744,0.0299127469771,329.382879194
11.7247231007,0.0291951571126,329.365897225
11.7503581047,0.0298878003377,329.387674574
11.7760009766,0.0292276695836,329.359266208
11.8016810417,0.0298209185712,329.39049066
11.8273439407,0.0293094851077,329.385116231
11.8529951572,0.0296846730635,329.402418807
11.8786799908,0.0294758589007,329.375377623
11.9043300152,0.0294682150707,329.368873965
11.9300019741,0.0296868360601,329.389295075
11.9556789398,0.0292719830759,329.37187166
11.9813320637,0.0298336974811,329.386689933
12.0070199966,0.0291686062701,329.383668024
12.0331201553,0.0298723438755,329.393946333
12.0588610172,0.0291723792907,329.37905076
12.0845520496,0.0298222596757,329.408437014
12.1101870537,0.029237017734,329.372669104
12.1358520985,0.0297189503908,329.394374043
12.1615459919,0.0293689069804,329.399392242
12.187349081,0.0294980837498,329.381545773
12.2132411003,0.0296012114268,329.408342252
12.2388999462,0.0292584963609,329.388681334
12.2645680904,0.0297952210531,329.409619328
12.2902240753,0.0291486724745,329.364299309
12.3158740997,0.0298426381778,329.408300575
12.3415579796,0.0291309109889,329.382923199
12.3672130108,0.0298200699035,329.39387043
12.3928649426,0.0291620381176,329.378759023
12.4185500145,0.0297514616977,329.392317915
12.4441940784,0.0292534800246,329.377586953
12.4698770046,0.0296042126138,329.386919271
12.4955489635,0.0294321379624,329.395888839
12.5211820602,0.0293863750994,329.373282846
12.5468630791,0.0296371430159,329.395510489
12.5725710392,0.0291938439477,329.385243589
12.5982291698,0.0297776423395,329.402275151
12.6238729954,0.0290959479753,329.374423716
12.6495490074,0.0298052711878,329.407368554
12.6751821041,0.0290938618127,329.357084818
12.7008550167,0.0297726737335,329.393899534
12.7265501022,0.0291357736569,329.360587057
12.7521820068,0.0296930165496,329.393359832
12.7778589725,0.029249493964,329.360977048
12.8035540581,0.0295289198402,329.374516848
12.8292059898,0.0294431170914,329.383002827
12.8548851013,0.029302125331,329.365407815
12.8805580139,0.0296428741422,329.388082493
12.9062161446,0.029126071604,329.373037675
12.93186903,0.0297566573136,329.380393261
12.9576289654,0.0290602107998,329.361171462
12.9832639694,0.0297670508735,329.372870969
13.0088980198,0.0290672667325,329.337763134
13.0345511436,0.0297242391389,329.393880675
13.0602011681,0.0291162508074,329.346324783
13.0858769417,0.0296291918494,329.376952257
13.1115529537,0.0292462669313,329.381447751
13.137212038,0.0294431834482,329.374470748
13.1628811359,0.0294507993385,329.367785715
13.1885499954,0.029224056052,329.36207694
13.2141809464,0.0296429998707,329.38264031
13.2398469448,0.0290754751768,329.348487081
13.2655460835,0.0297289784066,329.381919699
13.2911820412,0.0290264270734,329.372938955
13.3168530464,0.0297311029863,329.390255501
13.3425619602,0.0290413352195,329.340975266
13.3682169914,0.0296743470244,329.383423086
13.3938660622,0.0291062239558,329.345457256
13.419549942,0.0295617163647,329.355145339
13.4451830387,0.0292527547572,329.372739419
13.4708521366,0.0293686450459,329.345140839
13.49654603,0.0294548645616,329.370110761
13.5221791267,0.0291522964835,329.336964292
13.5478441715,0.0296297995374,329.363677418
13.5735349655,0.0290168402717,329.345967388
13.5991740227,0.029698156286,329.360909527
13.6248581409,0.0289866200183,329.33922438
13.6505441666,0.0296853692271,329.371240223
13.6761791706,0.029013621388,329.326342326
13.7021000385,0.0296252174303,329.360573087
13.727848053,0.0291186885443,329.35088966
13.7535459995,0.0294475723058,329.343630699
13.7791819572,0.0293128774501,329.354862217
13.8048679829,0.0292268570047,329.343285644
13.8305521011,0.0295144831762,329.352611909
13.8562290668,0.0290328112897,329.339114483
13.881870985,0.0296462990809,329.359193798
13.9075510502,0.0289575208444,329.322532983
13.9332010746,0.0296672864351,329.363339581
13.9588701725,0.0289585837163,329.327299725
13.9845581055,0.0296297390014,329.358225688
14.010215044,0.0290132896043,329.326911597
14.0358669758,0.0295400177129,329.348329455
14.0615530014,0.029126747977,329.330143752
14.0872020721,0.0293606857304,329.348378349
14.1128621101,0.0293268193491,329.351000022
14.138543129,0.0291447725613,329.342028126
14.1641910076,0.0295248557813,329.366756603
14.1898679733,0.0289787887596,329.354871996
14.2155470848,0.0296241277829,329.344887752
14.2412071228,0.0289220490959,329.335831804
14.266862154,0.0296320498455,329.365796177
14.2925629616,0.0289350526873,329.326707404
14.3182139397,0.0295835675206,329.351648921
14.3438651562,0.0289924757089,329.333712114
14.3695440292,0.0294796389062,329.362336779
14.3951761723,0.0291298923548,329.34229332
14.4208421707,0.0292900472414,329.342276556
14.4465370178,0.029330176767,329.344924539
14.4721679688,0.0290659209713,329.325400526
14.4978530407,0.0295145856217,329.354983289
14.5235471725,0.0289222865831,329.336412949
14.5491991043,0.0295971322339,329.360148404
14.5748860836,0.0288799940608,329.324641963
14.6006901264,0.0295864313375,329.354597023
14.626333952,0.0289142865222,329.333362635
14.6519801617,0.0295229954645,329.349006293
14.6776800156,0.0289937271737,329.344405094
14.7033381462,0.0293923774734,329.349305015
14.7289891243,0.029159928672,329.352612374
14.754732132,0.0291848718189,329.341218574
14.7804069519,0.0293818826322,329.344442114
14.8060560226,0.0289718271233,329.332187539
14.8317320347,0.0295303284656,329.360118601
14.857407093,0.0288664584514,329.339713091
14.8830411434,0.0295682437718,329.373635119
14.9086940289,0.0288529403042,329.344309168
14.9343340397,0.0295450910926,329.381276388
14.9599840641,0.0288935936987,329.335132148
14.985669136,0.0294747622684,329.350312008
15.0113170147,0.0289857888129,329.336362425
15.0369720459,0.02932226751,329.360234085
15.0626630783,0.0291637831833,329.361521872
15.0883159637,0.0291004066821,329.35063215
15.1139709949,0.0293778732885,329.363926081
15.1396520138,0.0289169710595,329.340573167
15.1653301716,0.0295070698485,329.378445167
15.1909821033,0.0288289110176,329.351472901
15.2169370651,0.0295352586545,329.374426277
15.2426850796,0.0288356945384,329.326921841
15.268337965,0.0294886401389,329.38181702
15.2939851284,0.028900160687,329.357263166
15.319674015,0.029384533409,329.369857907
15.3453531265,0.0290336692706,329.363349127
15.371006012,0.0291860848665,329.356379109
15.3966751099,0.0292431702837,329.381493386
15.422328949,0.0289698480628,329.375393223
15.4479780197,0.0294232112356,329.381372547
15.4736771584,0.0288299680687,329.359355848
15.4993300438,0.0295031373389,329.390942352
15.5249750614,0.0287908921018,329.365677666
15.5506651402,0.0294969556853,329.405590892
15.576321125,0.0288116885349,329.352638219
15.6019730568,0.0294395093806,329.399886075
15.6276731491,0.0288815179374,329.358142102
15.6533310413,0.0293114199303,329.369647894
15.6789951324,0.0290411803871,329.37953528
15.7046630383,0.0291098305024,329.379826086
15.7303130627,0.0292526837438,329.391205916
15.7559609413,0.0288996554445,329.365722602
15.7816729546,0.0294152053539,329.398787348
15.8073301315,0.0287786661647,329.37426609
15.8330359459,0.0294733187184,329.40968778
15.8587429523,0.0287586275954,329.378149938
15.8844370842,0.0294553453568,329.416686203
15.9101140499,0.0287965545431,329.369036248
15.9357841015,0.0293799804058,329.395565204
15.9614331722,0.0288936193101,329.390610801
15.9870829582,0.0292256299872,329.395460663
16.012748003,0.0290674192365,329.373984132
16.038421154,0.0290139194112,329.375322443
16.0640749931,0.0292818795424,329.414187698
16.0897481441,0.0288263475522,329.389494145
16.1154210567,0.0294186733663,329.429863254
16.1410911083,0.0287366553675,329.38833232
16.1667490005,0.0294462544844,329.407709651
16.1924340725,0.0287379510701,329.385415884
16.2181260586,0.0294074113481,329.413709696
16.2438089848,0.028781152796,329.391898122
16.2694590092,0.0293217634317,329.404119402
16.295112133,0.0288984482177,329.397925874
16.3207550049,0.0291545258369,329.410430975
16.3464260101,0.0290875858627,329.42482573
16.3720810413,0.028931297129,329.39196704
16.3977451324,0.0292861275375,329.40993784
16.4234170914,0.0287633831613,329.408066813
16.4490759373,0.0293988164049,329.430522863
16.4747860432,0.0286989985034,329.406550853
16.500439167,0.0294122903142,329.434493789
16.5261039734,0.0287094793748,329.404790653
16.5517780781,0.0293667428195,329.429932637
16.5774509907,0.0287706137169,329.407110345
16.6031191349,0.0292627513409,329.426401528
16.628786087,0.028904103674,329.401319847
16.6544339657,0.0290769757703,329.418233596
16.6800899506,0.0291142472997,329.424466938
16.7059781551,0.0288580288179,329.430770595
16.7317330837,0.029321052134,329.432706581
16.7574081421,0.0286950508598,329.409014201
16.7830410004,0.0293858943041,329.447135562
16.8087370396,0.0286709214561,329.40333453
16.834416151,0.0293699267786,329.427214339
16.8600671291,0.0287075689994,329.413751606
16.8857431412,0.0293075933587,329.438592773
16.9114291668,0.0287928804755,329.401034629
16.9370889664,0.0291621056385,329.424539348
16.9627530575,0.0289697316475,329.431458609
16.9884190559,0.0289525429253,329.438073328
17.0142929554,0.0292085146066,329.434670275
17.0399441719,0.0287274527363,329.420263413
17.065639019,0.0293367984705,329.446757212
17.0912890434,0.0286497501656,329.412667779
17.1169559956,0.0293578382116,329.433941515
17.1426560879,0.0286494556349,329.408559483
17.1683120728,0.0293173396494,329.418612877
17.193967104,0.0286974629853,329.413340427
17.2196581364,0.0292284972966,329.447183292
17.2453370094,0.0288238725625,329.437443521
17.2709760666,0.0290507718455,329.444275703
17.2966561317,0.0290211476386,329.443485243
17.322302103,0.0288283010013,329.421635251
17.3479530811,0.0292194040958,329.433904961
17.3736400604,0.0286718201824,329.403461888
17.3992950916,0.0293165107723,329.444023082
17.424945116,0.0286167033482,329.414624954
17.4506571293,0.0293252745178,329.458370106
17.4763150215,0.0286282540765,329.398518195
17.5019669533,0.0292739423458,329.445544397
17.527670145,0.0286921102088,329.406462144
17.55331707,0.0291665503755,329.440570436
17.5789661407,0.028835068224,329.421763308
17.6046550274,0.0289759307634,329.408472404
17.6303009987,0.0290459743701,329.419113696
17.6559519768,0.0287602038588,329.437999753
17.6816370487,0.0292218872346,329.43019853
17.7072880268,0.028619376244,329.396876972
17.7329461575,0.0292999192607,329.428126803
17.7586340904,0.028583984822,329.410440754
17.7842900753,0.029286397621,329.439732013
17.8099400997,0.0286097743083,329.389432445
17.8356280327,0.0292326800991,329.426458338
17.8612790108,0.0286812661216,329.408082413
17.8869390488,0.0291069340892,329.414153937
17.9126300812,0.0288412207738,329.425640404
17.9382810593,0.0288949930109,329.417667584
17.9639310837,0.0290574703831,329.435704742
17.9896371365,0.0286890740972,329.415360698
18.0153119564,0.0292201898992,329.423927004
18.0409631729,0.0285703153349,329.405774362
18.0666670799,0.0292681332212,329.436854692
18.0923161507,0.0285566900857,329.409663565
18.1179640293,0.0292484520469,329.43096105
18.1436531544,0.0285892374814,329.402835574
18.1693041325,0.0291752000339,329.426875105
18.1949570179,0.0286825327203,329.400013899
18.220870018,0.0290341186337,329.417920439
18.246543169,0.028905615909,329.418380745
18.2722001076,0.0287701515481,329.398676753
18.2978560925,0.0291045638733,329.421712086
18.3235621452,0.0285976740997,329.400462331
18.3492200375,0.0292211258784,329.42376635
18.3748910427,0.0285263406113,329.394515837
18.4005460739,0.0292368035298,329.425031552
18.4262151718,0.0285336282104,329.385752557
18.4518511295,0.0291940849274,329.430866987
18.4775340557,0.0285863620229,329.398226459
18.5031859875,0.0291018292774,329.410463804
18.5288529396,0.0287163164467,329.397152644
18.554527998,0.0289241294377,329.416404711
18.580160141,0.0289218325634,329.401230672
18.6058430672,0.0287044839934,329.393622233
18.6315331459,0.0291078269947,329.406775534
18.6571900845,0.0285443640314,329.391561681
18.6828460693,0.0292094203178,329.409362981
18.7085249424,0.0284974789247,329.380897572
18.7341730595,0.0292028672993,329.418123001
18.7598371506,0.0285126373637,329.375839559
18.7855250835,0.0291575316805,329.384246375
18.8111600876,0.0285813107621,329.389910446
18.8368320465,0.0290473375935,329.393950524
18.8625459671,0.0287205551285,329.385054065
18.8881981373,0.0288362044375,329.383624485
18.9138441086,0.0289399421308,329.378750641
18.9395289421,0.0286262889858,329.380249139
18.9651811123,0.0291162589565,329.397478607
18.9908349514,0.0284942646977,329.368269304
19.0165240765,0.0291845656466,329.400171526
19.0421571732,0.0284643855412,329.355365597
19.0678241253,0.029170011403,329.387753503
19.0935139656,0.0284978793934,329.379086383
19.1191520691,0.02910867217,329.396386398
19.144821167,0.0285708054435,329.357293434
19.1705160141,0.0289754092228,329.380168812
19.1961510181,0.0287440419197,329.377566464
19.2218389511,0.0287662015762,329.379257979
19.2475509644,0.0289593974594,329.390764702
19.2732100487,0.0285541417543,329.372429987
19.2988581657,0.0291155150626,329.417516943
19.3245210648,0.0284547591582,329.352366971
19.3501701355,0.0291606097016,329.415322747
19.3758499622,0.0284418009687,329.365465557
19.4015221596,0.0291341799311,329.396697227
19.4273221493,0.0284891494084,329.354866408
19.4529781342,0.0290459441021,329.378463328
19.4786541462,0.0285979930777,329.375515226
19.5043189526,0.0288834585808,329.37750686
19.5299720764,0.0287921982817,329.368636478
19.5556571484,0.0286656129174,329.383827047
19.5813109875,0.0290037260856,329.393701162
19.6069610119,0.0284880283289,329.375430709
19.6326460838,0.0291171332356,329.398891656
19.6582939625,0.0284226750955,329.36400827
19.6839461327,0.0291295116767,329.393119784
19.7098491192,0.0284273445141,329.358325573
19.7356021404,0.0290773354936,329.397628782
19.7612349987,0.0284975150134,329.365076497
19.7869019508,0.0289645092562,329.381005373
19.8125939369,0.0286453799345,329.396789195
19.838228941,0.0287621549796,329.389072722
19.8638601303,0.028856076533,329.378580209
19.8895189762,0.0285550497938,329.376378562
19.9151539803,0.0290310394485,329.392761691
19.9408211708,0.0284214504063,329.365110723
19.9665160179,0.0290997326374,329.397056717
19.9921550751,0.0283901661169,329.379759263
20.0178260803,0.0290936639067,329.400982708
20.0435249805,0.0284127041232,329.378044698
20.0691771507,0.0290297996253,329.397829482
20.0948619843,0.0284914090298,329.393892316
20.1205310822,0.0288983050268,329.396448564
20.1461901665,0.0286619376857,329.402504954
20.1718399525,0.0286923965905,329.39814264
20.1975240707,0.0288689334411,329.412316671
20.2231800556,0.0284826825373,329.408376012
20.2488319874,0.0290294911247,329.422915587
20.274518013,0.02837698441,329.392718617
20.3001520634,0.029076844221,329.422045965
20.3258421421,0.0283614115324,329.398990143
20.3515191078,0.0290558696724,329.409300582
20.3771541119,0.0283979380038,329.390578205
20.4028251171,0.0289906107355,329.417740926
20.4285161495,0.0284931401256,329.397444148
20.4541511536,0.0288367434405,329.422433395
20.479817152,0.0286727608182,329.414216569
20.5055060387,0.0286232843064,329.39797896
20.5311429501,0.0288867391646,329.420461552
20.5568101406,0.028427739162,329.424059251
20.5825340748,0.029020414222,329.424955882
20.6081900597,0.0283394975122,329.41995631
20.6338441372,0.0290528475307,329.444939038
20.6595239639,0.0283454649616,329.406812554
20.685174942,0.0290211068932,329.43525794
20.7108311653,0.0283925037365,329.408486607
20.7365231514,0.0289338093717,329.439005814
20.7621741295,0.0285057642031,329.407868674
20.7878301144,0.0287619268056,329.44155857
20.81351614,0.0286980730016,329.434500774
20.8391499519,0.0285363360308,329.431999242
20.8648281097,0.0288984400686,329.452916281
20.8905160427,0.0283714255784,329.42170091
20.9161491394,0.0290100497659,329.458288616
20.9418320656,0.028310342459,329.430869082
20.967525959,0.0290234247223,329.452409642
20.993183136,0.0283280445728,329.426739598
21.0188360214,0.0289799377788,329.437063774
21.0445389748,0.0283812114503,329.437243519
21.0701971054,0.0288712978363,329.443203285
21.0958390236,0.0285189342685,329.451081343
21.1215150356,0.0286881765351,329.439215595
21.1471610069,0.0287297484465,329.443285707
21.1728279591,0.0284729129635,329.430154292
21.1985421181,0.0289144378621,329.446586315
21.2244961262,0.028322970029,329.420048976
21.2502040863,0.0290048751049,329.465119168
21.2758460045,0.0282882014289,329.415924614
21.3015170097,0.0289845746011,329.453629907
21.3271570206,0.0283218780532,329.41878913
21.3528289795,0.0289150536992,329.439857742
21.3785140514,0.0284069916233,329.436489614
21.4041471481,0.0287696858868,329.450163292
21.4298350811,0.028582890518,329.444650328
21.4555151463,0.0285548728425,329.428115161
21.4811480045,0.0288040540181,329.448386328
21.506814003,0.0283615291119,329.432917526
21.5325300694,0.028942093486,329.448536271
21.5581851006,0.0282660569064,329.421775183
21.5838329792,0.0289761356544,329.460183624
21.6095130444,0.0282634678297,329.41450784
21.6351420879,0.0289436720777,329.454974039
21.6608080864,0.0283069128636,329.427690944
21.6865091324,0.0288628775161,329.457639484
21.7121429443,0.0284172501415,329.429908656
21.7378180027,0.0286951870658,329.438550398
21.7635200024,0.0286045623943,329.431652557
21.7891731262,0.0284676882438,329.423624324
21.8149650097,0.0288342195563,329.448837321
21.8406391144,0.0282855669502,329.4087674
21.8663189411,0.0289342110045,329.441934358
21.891958952,0.0282302801497,329.417345347
21.9176709652,0.0289397337474,329.452921636
21.9433059692,0.0282487273216,329.42399499
21.9689640999,0.0288936251309,329.45519546
21.9946570396,0.028305783635,329.430554761
22.0203089714,0.028785248287,329.427370569
22.0459589958,0.0284477684181,329.424968688
22.0716459751,0.0285933248233,329.434976215
22.0973041058,0.0286602880806,329.451478785
22.1229550838,0.028373763198,329.423700459
22.1486370564,0.0288409204222,329.462297959
22.1742999554,0.0282340764534,329.449321609
22.1999480724,0.0289196043741,329.446150688
22.2256360054,0.0282035465352,329.409236088
22.2512831688,0.028909156099,329.44639097
22.2769479752,0.0282290310133,329.416123684
22.3026371002,0.0288541498594,329.450353282
22.3282921314,0.0283075729385,329.412109684
22.3539471626,0.0287244294304,329.431597143
22.3796219826,0.028464877978,329.42946814
22.4052710533,0.0285156490281,329.436663073
22.4309251308,0.0286810938269,329.435798572
22.4566140175,0.0283139792737,329.422420822
22.4822630882,0.0288453465328,329.445279902
22.507912159,0.0281984044705,329.419588903
22.5336151123,0.0289012223948,329.447685275
22.5592710972,0.028180348454,329.40363558
22.5849230289,0.0288751220796,329.453866929
22.6106369495,0.0282154802699,329.411799321
22.6362819672,0.0288044835906,329.430997139
22.6619429588,0.028312652139,329.406130826
22.6876561642,0.0286615232471,329.424603609
22.7136490345,0.0285019201692,329.435405089
22.7393381596,0.0283780577593,329.418695765
22.7649810314,0.028760866262,329.447344178
22.7906501293,0.0282131473068,329.421325354
22.8163051605,0.0288615457248,329.430876765
22.8419561386,0.0281594705302,329.394333297
22.8679900169,0.0288717122748,329.43693595
22.8936929703,0.0281852169428,329.40428541
22.9193301201,0.0288035266567,329.429207835
22.9449629784,0.0282625912223,329.41195392
22.9706571102,0.0286834628787,329.411996994
22.9963059425,0.0284264911897,329.411732266
23.0219550133,0.0284769246355,329.402255593
23.0476510525,0.0286360096652,329.428761266
23.0732979774,0.0282635702752,329.419749789
23.0989451408,0.0287992937956,329.441775801
23.1246600151,0.0281548220664,329.402451403
23.1503031254,0.028852019459,329.440191388
23.1759500504,0.0281346240081,329.409824451
23.2016341686,0.0288291543256,329.444788629
23.2272830009,0.028169642901,329.416673398
23.2529389858,0.0287584948819,329.432476079
23.278632164,0.0282612175215,329.409491736
23.3042809963,0.0286156847142,329.412126914
23.3299369812,0.0284443015698,329.410993727
23.355615139,0.028400842566,329.406986013
23.3812661171,0.0286563381087,329.420533497
23.4069211483,0.0282056513242,329.405378317
23.4325881004,0.0287937291432,329.429490026
23.4582221508,0.0281127705239,329.405537806
23.4838559628,0.0288249214645,329.431133345
23.5095131397,0.0281135656405,329.408006975
23.5351631641,0.02879934269,329.425286036
23.560819149,0.0281548011117,329.40704748
23.5865049362,0.0287231465336,329.439442139
23.6121399403,0.0282622140367,329.394975677
23.637830019,0.0285664992407,329.430913785
23.6635050774,0.0284514611121,329.426626209
23.6891400814,0.0283364660572,329.413674306
23.7148110867,0.0286514416803,329.429636011
23.7405021191,0.0281625636853,329.420071328
23.7661380768,0.0287795765325,329.426671611
23.7918109894,0.0280862126965,329.416909488
23.8175120354,0.0288018770516,329.4375306
23.8431670666,0.0280940311495,329.40639602
23.8688230515,0.0287594646215,329.421904404
23.894505024,0.0281468010508,329.397270223
23.9201359749,0.0286667945329,329.417902045
23.9458169937,0.0282687228173,329.416494584
23.9715130329,0.0284900621045,329.403993906
23.9971671104,0.0284869247116,329.429370351
24.0228140354,0.0282635528129,329.40098457
24.0485031605,0.0286729075015,329.429778969
24.0741381645,0.0281090033241,329.416434746
24.0998101234,0.0287712074351,329.408461927
24.1254999638,0.0280585908331,329.425792908
24.1511349678,0.0287740607746,329.433482606
24.1768090725,0.0280770740937,329.391069245
24.2026939392,0.0287204410415,329.417165602
24.2287609577,0.0281835207716,329.413937638
24.2544560432,0.0285228772555,329.421154456
24.2801041603,0.0283898774069,329.428145429
24.3057780266,0.0283045356628,329.418209149
24.3314599991,0.0285995902959,329.431188526
24.3571000099,0.0281160301529,329.408876831
24.382776022,0.0287271267734,329.436386703
24.408449173,0.0280402950011,329.404887278
24.4340839386,0.0287503225263,329.425075557
24.4597520828,0.0280411576387,329.394385684
24.4853870869,0.0287146260962,329.435219755
24.5110440254,0.0280941464007,329.402761534
24.5367159843,0.0286332087126,329.421780072
24.5623919964,0.0282064406201,329.414156731
24.5880470276,0.0284534541424,329.41414346
24.613713026,0.0284102419391,329.409484519
24.6393821239,0.0282384315506,329.395181034
24.6650381088,0.0286136008799,329.417318339
24.6907141209,0.0280698586721,329.398151021
24.7163841724,0.028712679632,329.434420215
24.7420501709,0.0280110421591,329.398592934
24.7677161694,0.0287295819726,329.429102363
24.7933881283,0.0280275451951,329.406265635
24.8190410137,0.0286800740287,329.429425299
24.8447430134,0.0280898285564,329.403470736
24.8703961372,0.0285664468538,329.413610743
24.8960461617,0.0282315479126,329.414803069
24.9217140675,0.0283795886207,329.417071771
24.9473910332,0.0284399616066,329.410658684
24.9730491638,0.0281577277929,329.405401368
24.9987130165,0.0286271597724,329.425184522
25.0243799686,0.028026252985,329.399285605
25.0500130653,0.0287045945879,329.432910774
25.0757040977,0.0279896147549,329.391549109
25.1013741493,0.0286967342254,329.428569647
25.1270060539,0.0280151842162,329.38416861
25.1526811123,0.0286432751454,329.40994692
25.1783101559,0.0280938332435,329.392288346
25.2039480209,0.0285198178608,329.420803813
25.2296271324,0.0282381277066,329.411424464
25.2552809715,0.0283202179708,329.397908179
25.2809381485,0.0284568383358,329.402038129
25.3066411018,0.0281103956513,329.399299109
25.3322939873,0.0286269618664,329.412123421
25.3579440117,0.0279881735332,329.385283636
25.3836500645,0.0286814721767,329.423223156
25.4092929363,0.0279651291203,329.395907
25.4349429607,0.0286633358337,329.420585884
25.4606211185,0.0279986043461,329.389099497
25.4862799644,0.0286018464249,329.417258967
25.5119349957,0.0280919938814,329.388289247
25.537623167,0.0284590665251,329.402065836
25.5632750988,0.0282693502959,329.400739633
25.5889451504,0.0282447028439,329.397732858
25.6146421432,0.0284777174238,329.409935046
25.6402931213,0.0280403310899,329.374973429
25.665941,0.0286276405677,329.400187824
25.6916401386,0.0279531138949,329.389373772
25.7178430557,0.0286611798219,329.414259177
25.7436020374,0.0279638462234,329.373991815
25.7692580223,0.0286062352825,329.400967108
25.7949450016,0.0280357466545,329.38245032
25.82062006,0.0284839852247,329.402953386
25.8462679386,0.0281887431629,329.380349955
25.8719201088,0.0282841071021,329.378486611
25.8976221085,0.0284035864752,329.405413941
25.9232671261,0.0280663964804,329.397829482
25.9489569664,0.0285753956996,329.417700646
25.9746880531,0.0279480859172,329.380917596
26.000357151,0.0286403566133,329.394513275
26.0260000229,0.0279249751475,329.376632581
26.0516929626,0.0286257930566,329.39763437
26.0773999691,0.0279569916893,329.368522856
26.1030759811,0.0285484618507,329.401338473
26.1287670135,0.0280544080306,329.381491756
26.1544451714,0.0283972686157,329.395754263
26.1800811291,0.0282441312447,329.381334363
26.2057411671,0.0281821924727,329.366305145
26.2313899994,0.0284481351264,329.392036423
26.2570531368,0.0279924971983,329.365329584
26.28272295,0.0285858334973,329.397666967
26.3083901405,0.0279045815114,329.364715144
26.3340599537,0.0286182097625,329.388515092
26.3597130775,0.0279042264447,329.36131116
26.3853850365,0.0285837822594,329.394773347
26.4110400677,0.0279520405456,329.356207512
26.4367070198,0.0284984486643,329.387706704
26.462375164,0.0280650996137,329.362572171
26.4880340099,0.028328676708,329.362181481
26.5137059689,0.0282585481182,329.353641253
26.5393791199,0.028107810067,329.35994654
26.5650410652,0.0284690200351,329.385482939
26.59070611,0.0279377389234,329.356886679
26.6163761616,0.0285763293505,329.370454652
26.6422121525,0.0278714823071,329.334201524
26.6678500175,0.028584827669,329.386764672
26.6934990883,0.0278893625364,329.325646861
26.7191541195,0.0285406841431,329.375347588
26.7448320389,0.0279548042454,329.353625653
26.7704980373,0.0284330244176,329.369207611
26.7961380482,0.028104147641,329.352365807
26.8218181133,0.0282453559339,329.362764023
26.8475000858,0.0283154856879,329.366481397
26.8731541634,0.028018882731,329.355505528
26.8988120556,0.0284960935824,329.370252788
26.9244990349,0.0278868910391,329.34297435
26.9501490593,0.0285737600643,329.369768267
26.9758040905,0.0278550409712,329.341032542
27.0014910698,0.0285587715916,329.377205577
27.0271439552,0.0278827769216,329.348628642
27.0528039932,0.028505116934,329.366214108
27.0784900188,0.0279654294718,329.33327416
27.1041240692,0.0283724698238,329.36540246
27.1298029423,0.0281257927418,329.353417037
27.1554961205,0.0281642016489,329.3524771
27.1811490059,0.0283531541936,329.357496928
27.2071070671,0.0279579882044,329.351345077
27.2328531742,0.0285276270006,329.348594649
27.2585020065,0.0278411211912,329.35212669
27.2841629982,0.0285561056808,329.384857556
27.3098270893,0.0278457277454,329.34155385
27.3354990482,0.0285168841947,329.357949784
27.3611569405,0.0278962904122,329.337369418
27.3868141174,0.0284283410292,329.363047378
27.4124901295,0.0280115369242,329.338198295
27.4381730556,0.0282452360261,329.342622077
27.4638111591,0.028224788839,329.351654742
27.4894900322,0.0280286266934,329.342309851
27.5151240826,0.0284214643762,329.354664544
27.5407960415,0.027869278565,329.334386857
27.5664870739,0.028519355692,329.353953246
27.5921201706,0.0278135098051,329.334409675
27.6177871227,0.0285281823017,329.381086864
27.6434869766,0.0278257485479,329.333621776
27.669121027,0.02848021104,329.361753771
27.6947879791,0.0278951553628,329.356635222
27.7204871178,0.0283767387737,329.350420972
27.7461230755,0.0280403392389,329.360782169
27.7717940807,0.0281807698775,329.353196779
27.7974891663,0.0282465433702,329.365514684
27.8231220245,0.0279588287231,329.349646578
27.848788023,0.028431089595,329.365732614
27.8744850159,0.0278194551356,329.357325099
27.9001181126,0.0285032065585,329.376921756
27.9258041382,0.0277886248659,329.324266175
27.951488018,0.0284935219679,329.356428236
27.9771211147,0.0278168264776,329.350165557
28.0027930737,0.0284370989539,329.362062737
28.0284790993,0.0278999644797,329.351088265
28.0541141033,0.0283071747981,329.360739095
28.0797841549,0.0280597968958,329.371099593
28.1054799557,0.0281004002318,329.351696186
28.1311099529,0.0282799010165,329.373316374
28.1567780972,0.027895916719,329.358364223
28.1824791431,0.0284327124245,329.379829112
28.2081689835,0.0277773384005,329.349851003
28.233809948,0.0284841435496,329.392006854
28.2594900131,0.0277678121347,329.363043886
28.285145998,0.0284663343336,329.386761878
28.3108010292,0.02780731651,329.368887469
28.3364889622,0.0283949321602,329.387337668
28.3621189594,0.0279093673453,329.36553238
28.3877921104,0.0282433384564,329.363299999
28.4134860039,0.0280908273999,329.378386959
28.4391191006,0.0280180841219,329.374604393
28.4647901058,0.0283009884879,329.376003472
28.4904849529,0.0278328603599,329.375754111
28.5161170959,0.0284416752402,329.38807481
28.5418021679,0.0277528003789,329.373850487
28.5674901009,0.0284674193244,329.372442327
28.5931420326,0.0277546572033,329.366423888
28.6188070774,0.0284336856566,329.384782119
28.6444849968,0.0278033071663,329.363688361
28.6701171398,0.0283414276782,329.377755057
28.6957881451,0.0279211101588,329.358411022
28.7217440605,0.0281719770283,329.3687806
28.7474911213,0.0281772448216,329.389336752
28.7731471062,0.0278880004771,329.371844418
28.7988040447,0.0283657677937,329.403191805
28.8245141506,0.0277570472099,329.340068623
28.8501701355,0.0284447078593,329.40240344
28.8758039474,0.0277295953128,329.373450717
28.9014830589,0.0284342863597,329.399802489
28.9271290302,0.0277520879172,329.371086089
28.9527971745,0.028377113631,329.395814799
28.978482008,0.0278280244675,329.374876339
29.0041179657,0.0282437435817,329.385441495
29.0298099518,0.0279920280445,329.385446617
29.0556149483,0.0280135183129,329.375139438
29.0812721252,0.0282331125345,329.383575125
29.1069209576,0.0278124085162,329.362653429
29.1326229572,0.028379134601,329.3806375
29.1582741737,0.0277090596501,329.362437362
29.1839220524,0.0284252734855,329.389639664
29.2096099854,0.0277071131859,329.358932097
29.2352540493,0.0283979112282,329.396196641
29.2609021664,0.0277493405156,329.376819544
29.2866091728,0.0283229036722,329.392029671
29.3122630119,0.027858610265,329.392475775
29.33791399,0.0281637441367,329.398112372
29.3636090755,0.0280479330104,329.396916321
29.3892600536,0.0279378646519,329.387700185
29.4150099754,0.0282581639476,329.382569762
29.4406960011,0.0277520599775,329.354270129
29.4663729668,0.0283878319897,329.393813619
29.492027998,0.027686804533,329.366514925
29.51770401,0.0284033839125,329.409434926
29.5433700085,0.0276989256963,329.361102311
29.5690381527,0.0283607363235,329.389475519
29.5947461128,0.0277607364114,329.365392681
29.6204020977,0.028259245446,329.395129345
29.6460530758,0.0279038888402,329.392220825
29.6717031002,0.0280702789314,329.400328919
29.6973769665,0.028105636593,329.395006411
29.7230279446,0.0278481701389,329.382023541
29.748693943,0.0282963225618,329.396096524
29.7743620872,0.0277094321791,329.379815608
29.8000221252,0.0283826387022,329.400162213
29.8256919384,0.0276682770345,329.374109162
29.851375103,0.0283754675183,329.407646088
29.8770360947,0.0276916392613,329.38263379
29.9027500153,0.0283247290645,329.402174568
29.9284491539,0.0277682591695,329.366601538
29.954102993,0.0281914160587,329.395682551
29.9797770977,0.027934910031,329.395523528
30.005466938,0.027982260799,329.399778275
30.0311090946,0.0281529244967,329.397412483
30.0567901134,0.0277758820448,329.371286556
30.0824790001,0.0283117871732,329.396178713
30.1081600189,0.027655857848,329.372679815
30.1338150501,0.0283645628951,329.406802543
30.1594829559,0.027647477109,329.379886389
30.1851129532,0.0283415941522,329.400104238
30.2110249996,0.0276840489823,329.377052374
30.236782074,0.0282486202195,329.41352902
30.2624781132,0.0278213864658,329.376990441
30.2881710529,0.0280570634641,329.387097154
30.3138070107,0.0280252250377,329.401310766
30.3394861221,0.0278434425127,329.389650375
30.3651580811,0.0282338750549,329.407147132
30.3908009529,0.0276793830562,329.389160499
30.4164860249,0.0283307512291,329.402636504
30.4421370029,0.0276254781056,329.393812688
30.4677891731,0.0283396849409,329.405636992
30.4934771061,0.0276381813455,329.369758954
30.5191090107,0.0282961351331,329.416466178
30.5447881222,0.0277042400558,329.392653424
30.5704760551,0.0281926733442,329.388388433
30.5961110592,0.0278473610524,329.402533593
30.6218020916,0.0280012318399,329.387782374
30.6474821568,0.0280631135684,329.391089734
30.6731441021,0.027777494397,329.38512601
30.6987960339,0.0282511173282,329.400944756
30.7244770527,0.0276393326931,329.373306362
30.7501101494,0.0283249490894,329.423342366
30.775783062,0.0276074558496,329.381874995
30.8014719486,0.0283145427238,329.42360267
30.8271050453,0.0276351161301,329.384047072
30.8527729511,0.0282618333586,329.405023251
30.8784620762,0.0277107954025,329.370974796
30.9040939808,0.0281325145625,329.393860418
30.9297690392,0.0278730783612,329.402959207
30.9554419518,0.0279267993756,329.402726842
30.9810800552,0.0280890753493,329.388353974
31.0067501068,0.0277201971039,329.382227035
31.0324201584,0.0282515306026,329.391973093
31.0580570698,0.0276040146127,329.387447331
31.0837249756,0.0283067219425,329.404424643
31.1094250679,0.0275861925911,329.380318755
31.1350631714,0.028286697343,329.41332669
31.1607470512,0.0276259018574,329.368091654
31.1864280701,0.0282166863326,329.400164774
31.2120630741,0.0277220015414,329.367567785
31.2377500534,0.0280737609137,329.392591491
31.2634270191,0.0279010878876,329.386868514
31.2890601158,0.0278542807791,329.373395769
31.3147499561,0.0281142618041,329.392001731
31.3404209614,0.0276618369389,329.372309847
31.3660531044,0.0282556319144,329.39300756
31.3917181492,0.0275747408159,329.366970342
31.4173700809,0.0282877904829,329.394589178
31.4430191517,0.0275742809754,329.366923077
31.4688100815,0.0282495527063,329.404377146
31.4944820404,0.0276277726516,329.368222039
31.5201370716,0.0281647441443,329.393268097
31.5457980633,0.0277464406099,329.38667736
31.5714781284,0.0279982597567,329.390231054
31.597135067,0.0279515585862,329.403923592
31.6227910519,0.0277744105551,329.359075986
31.6484789848,0.0281489396002,329.388757003
31.6741061211,0.0276075175498,329.371163854
31.6997721195,0.0282531965058,329.389935592
31.7257871628,0.0275483971927,329.360818025
31.7514770031,0.0282591150608,329.387999605
31.7771430016,0.0275779748335,329.355311813
31.8027961254,0.0282034859993,329.388743266
31.8284749985,0.0276560254861,329.366324935
31.8541071415,0.0280742312316,329.385351622
31.8797700405,0.0278117798734,329.374880763
31.9054610729,0.0278742040973,329.367253464
31.9310970306,0.0280360307079,329.388359794
31.9567661285,0.0276678241789,329.377974384
31.9824359417,0.0281966209877,329.380020965
32.0080709457,0.0275500316638,329.344754573
32.0337510109,0.0282498309389,329.394390108
32.0594320297,0.0275337346829,329.365153098
32.0850689411,0.0282311835326,329.38907342
32.1107461452,0.0275672716089,329.353527166
32.136425972,0.0281667767558,329.390003113
32.1620621681,0.0276637228671,329.362825491
32.187759161,0.0280232983641,329.391758889
32.2134311199,0.0278425600845,329.373438843
32.2390630245,0.0278028985485,329.358292976
32.2647681236,0.028054562863,329.373945715
32.2904651165,0.0276069086976,329.353938578
32.3160979748,0.0282011763193,329.385277815
32.3417880535,0.0275191350374,329.362829216
32.3674750328,0.0282310682815,329.392184038
32.393130064,0.0275155773852,329.373150831
32.4187920094,0.0281992275268,329.381457064
32.4444689751,0.0275664939545,329.353310401
32.4701039791,0.0281114201061,329.378999304
32.4957690239,0.0276820361614,329.363158438
32.5214641094,0.0279474980198,329.372365959
32.5471031666,0.0278848153539,329.385914607
32.5727751255,0.0277245603502,329.352484317
32.5984680653,0.0280844443478,329.371254658
32.6241030693,0.0275513483211,329.356133239
32.6497881413,0.0281969341449,329.386787955
32.6755030155,0.0274884910323,329.353155103
32.701157093,0.0282052939292,329.372712178
32.7267949581,0.0275036634412,329.35492252
32.7524831295,0.028163548559,329.379669856
32.7781751156,0.0275698362384,329.362621298
32.8038060665,0.0280551577453,329.367845086
32.8294670582,0.0277123483829,329.374565044
32.8551030159,0.0278696743771,329.363723285
32.8807799816,0.0279160041828,329.373535002
32.9064660072,0.0276504945941,329.361512326
32.9321010113,0.0281052757055,329.383598408
32.9577889442,0.0275108148344,329.343341757
32.9834740162,0.0281840155367,329.372387147
33.0091309547,0.0274683663156,329.357063631
33.0347900391,0.0281821528915,329.399783863
33.0604679585,0.0274986680597,329.358917661
33.0861041546,0.0281251117121,329.378819559
33.1117720604,0.0275711435825,329.361811047
33.1374750137,0.0280038861092,329.370029038
33.1631231308,0.0277397385798,329.361004056
33.1887800694,0.0277946132701,329.364683013
33.2147331238,0.0279532850254,329.366298858
33.2404911518,0.027547912905,329.352969537
33.2661530972,0.028147182893,329.390248749
33.2917871475,0.0274613697547,329.354526009
33.3174750805,0.0281772413291,329.388306011
33.343132019,0.0274651602376,329.344496597
33.3687901497,0.0281484960578,329.357574694
33.3944690228,0.0275126739871,329.356382601
33.4201049805,0.0280590879265,329.364558216
33.4457960129,0.0276243197732,329.353383044
33.4714710712,0.0278905429877,329.363225494
33.4971470833,0.0278348091524,329.371835804
33.522796154,0.027664139634,329.370635794
33.5484671593,0.0280360679608,329.384509241
33.5741090775,0.0274970207829,329.366758
33.5997779369,0.0281442480627,329.376990907
33.6254651546,0.0274362892378,329.351529479
33.6510989666,0.0281554507092,329.378219321
33.6767721176,0.0274496118072,329.343799036
33.7024719715,0.0281114515383,329.392000102
33.7281579971,0.027517862618,329.352966044
33.7537939548,0.0280008267146,329.366524238
33.7794699669,0.027653836878,329.360616626
33.8051350117,0.027812262997,329.363704659
33.8307859898,0.0278674834408,329.36424762
33.8566050529,0.0275766139384,329.369207378
33.8822541237,0.0280670251232,329.384358833
33.9079070091,0.0274467444979,329.359359108
33.9335920811,0.0281368813012,329.38337652
33.9592421055,0.0274216209073,329.343544319
33.9849150181,0.0281291943975,329.392702319
34.010602951,0.0274484639522,329.377969727
34.0362610817,0.0280664709862,329.385193763
34.0619089603,0.0275358755607,329.355498776
34.0875930786,0.0279368145857,329.377965303
34.1132409573,0.0277071376331,329.390525119
34.1388981342,0.0277243985329,329.388750717
34.1645901203,0.0279219786171,329.394527245
34.1902351379,0.027517483104,329.370056046
34.215886116,0.0280776852742,329.38032574
34.2415730953,0.0274156802334,329.36012256
34.2672231197,0.0281253911089,329.417281318
34.2928781509,0.0274024391547,329.377233051
34.3185639381,0.0280964956619,329.393238761
34.3442189693,0.0274444592651,329.359711148
34.3698749542,0.0280293205287,329.368251842
34.3955631256,0.027548550861,329.378609313
34.4212141037,0.0278742040973,329.377331072
34.4468641281,0.0277385022491,329.396560788
34.4725790024,0.0276599614881,329.385177465
34.4982249737,0.0279561034404,329.389012652
34.5238740444,0.0274663162418,329.384998186
34.5495691299,0.0280796526931,329.38100188
34.5752301216,0.0273910991382,329.355301801
34.6008820534,0.028106092941,329.40562279
34.6265931129,0.0273964111693,329.379832372
34.6522469521,0.028071179986,329.40343814
34.6778969765,0.0274473626632,329.378608614
34.7035851479,0.0279788649641,329.395401059
34.7294681072,0.0275744881947,329.37026443
34.7551529408,0.0277536176145,329.398698872
34.7807941437,0.0278247171082,329.392180312
34.8064680099,0.0275434309151,329.365883721
34.8321211338,0.0280065718107,329.402827891
34.8577821255,0.0274040130898,329.374983441
34.883466959,0.0280861358624,329.400543356
34.9091191292,0.0273710570764,329.381207237
34.934882164,0.0280817004386,329.386668513
34.9605669975,0.0273948989343,329.373016488
34.9862210751,0.0280163879506,329.406040255
35.0118730068,0.0274812988937,329.380409559
35.0375959873,0.0278855219949,329.395152163
35.0632500648,0.0276573235169,329.393317457
35.0888969898,0.0276642350946,329.378189519
35.1145980358,0.0278692587744,329.401186435
35.1402561665,0.0274590833578,329.382451484
35.1659059525,0.0280263402965,329.397916095
35.1915841103,0.0273566204123,329.378973227
35.2172350883,0.0280695711263,329.396823654
35.2428891659,0.0273527693935,329.373856075
35.2685871124,0.0280473683961,329.409472179
35.2942471504,0.027393780183,329.388598911
35.3198990822,0.0279725645669,329.396792687
35.345582962,0.027494902024,329.379315488
35.3712291718,0.0278143875767,329.390317667
35.3968830109,0.0276886858046,329.390387284
35.4225831032,0.027596327709,329.391852254
35.4482359886,0.0279029703233,329.396292334
35.4738810062,0.0274075893685,329.378083581
35.4995839596,0.0280289398506,329.381959513
35.5252301693,0.0273349916097,329.388021724
35.5508811474,0.0280526652932,329.411716666
35.5765731335,0.0273375003599,329.377014888
35.6022269726,0.0280146102887,329.400536837
35.6278791428,0.0273974274751,329.373908928
35.6535680294,0.0279279367533,329.395464854
35.6792211533,0.0275206530932,329.377595801
35.7049090862,0.0277483591344,329.395789886
35.7306070328,0.0277293741237,329.397199443
35.7562520504,0.0275190442335,329.390924424
35.7819039822,0.0279305176809,329.407350626
35.8075959682,0.0273645634297,329.388688551
35.8332509995,0.0280263251625,329.388485989
35.8588991165,0.02731216955,329.357729992
35.8845860958,0.0280312169343,329.387464793
35.9102549553,0.0273332837969,329.350124113
35.935901165,0.027982519241,329.392143292
35.9615831375,0.0273998780176,329.365149373
35.9872441292,0.0278674368747,329.392158426
36.0129070282,0.0275510561187,329.374498921
36.0385890007,0.027669724077,329.365473473
36.0642471313,0.0277721427847,329.376588343
36.0899021626,0.0274518888909,329.349745996
36.1155860424,0.0279484060593,329.390545841
36.1413710117,0.0273262721021,329.357283888
36.1671459675,0.0280197407119,329.377496848
36.1928060055,0.0273052218836,329.340536613
36.2187190056,0.0279988488182,329.392466461
36.2444579601,0.0273540453054,329.35119886
36.2703261375,0.02787952777,329.379183706
36.2959630489,0.0275058520492,329.35650018
36.321655035,0.0276988581754,329.365833662
36.3473329544,0.0277107802685,329.359518597
36.3729979992,0.027467230102,329.338545445
36.3986649513,0.027907647891,329.378349939
36.4243500233,0.0273235316854,329.357794486
36.4500010014,0.027996719582,329.385648249
36.4756779671,0.0272815045901,329.324078746
36.5013451576,0.0279953656718,329.37391242
36.5270011425,0.0273052870762,329.327697167
36.5526649952,0.0279426272027,329.378407216
36.5783369541,0.0273785099853,329.348988133
36.6039919853,0.0278195424471,329.347466584
36.6296639442,0.0275365717243,329.336089315
36.6553599834,0.0276177830528,329.357285518
36.6810159683,0.0277572590858,329.345428618
36.7067000866,0.0274012400769,329.339155694
36.732350111,0.0279290473554,329.368121689
36.7580139637,0.0272791227326,329.331321176
36.7836639881,0.0279868231155,329.365297686
36.8093421459,0.0272631272674,329.33389442
36.8349990845,0.0279670988675,329.347466119
36.8606650829,0.0273029168602,329.345818609
36.886341095,0.0279024534393,329.35306849
36.9119989872,0.0273962353822,329.328309512
36.9376950264,0.0277581450064,329.340416938
36.9633481503,0.0275796302594,329.345368082
36.9890069962,0.0275340024382,329.337318894
37.0147621632,0.0277868343983,329.348040745
37.0404579639,0.0273338903207,329.345563427
37.0661151409,0.0279406353366,329.35448247
37.0917611122,0.0272510526702,329.306691652
37.1174609661,0.0279667740688,329.357991926
37.1431131363,0.0272562832106,329.332120018
37.1687710285,0.0279340613633,329.346542945
37.19445014,0.0273073650897,329.318041448
37.2200820446,0.0278465007432,329.342617653
37.2457671165,0.0274213124067,329.335597809
37.2714560032,0.0276751804631,329.341552453
37.2971081734,0.0276364083402,329.330982873
37.322769165,0.0274504604749,329.337312607
37.348457098,0.0278305448592,329.352934845
37.3741080761,0.0272823451087,329.333723057
37.3997650146,0.0279427331407,329.368221574
37.4254500866,0.0272321957164,329.319650307
37.4510960579,0.0279523513746,329.354442656
37.4767611027,0.0272479082923,329.313114751
37.5024490356,0.0279093894642,329.349439358
37.5281360149,0.027320496738,329.321885481
37.553786993,0.027794172056,329.363904195
37.5794539452,0.0274579250254,329.346086131
37.6051051617,0.0275980203878,329.342566431
37.6307611465,0.0276741466951,329.353171634
37.6564581394,0.0273821118753,329.331300221
37.6821160316,0.0278623192571,329.341577133
37.7078480721,0.0272461678833,329.338151496
37.7337961197,0.0279331125785,329.352020286
37.7595231533,0.0272157334257,329.320199555
37.785159111,0.0279119820334,329.360613134
37.8108301163,0.0272601260804,329.3319121
37.8365221024,0.0278382259421,329.34061368
37.8621549606,0.0273669580929,329.343672143
37.8877911568,0.0276797648985,329.337417381
37.9134509563,0.0275450327899,329.353511566
37.9390799999,0.0274672033265,329.348400934
37.9647769928,0.0277574069332,329.36440222
37.9904520512,0.0272795022465,329.355008202
38.0160880089,0.0278896919917,329.366665101
38.0417580605,0.0272012257483,329.331937479
38.0675771236,0.0279165781103,329.374332214
38.0932371616,0.0272063096054,329.339366872
38.1188910007,0.0278803601395,329.369704006
38.1445970535,0.02726506209,329.345699633
38.1702389717,0.0277784175705,329.366644612
38.1958899498,0.0274014170282,329.346615123
38.2215750217,0.0275973347016,329.349710606
38.2472391129,0.0276096223388,329.358020797
38.2728841305,0.0273755739909,329.353887355
38.298584938,0.027801299002,329.353659181
38.3242430687,0.0272199558094,329.350869637
38.349905014,0.0278954301029,329.374194844
38.3755750656,0.0271781603806,329.341190634
38.4012320042,0.027895453386,329.389651539
38.4268820286,0.0272016192321,329.346246552
38.4525880814,0.0278475123923,329.385143938
38.4782371521,0.0272779515944,329.349219101
38.5038859844,0.027730516158,329.380232375
38.529569149,0.0274301646277,329.379521077
38.555216074,0.0275239266921,329.369370127
38.5808670521,0.0276470859535,329.384150216
38.6065721512,0.0273188075516,329.379436327
38.6322281361,0.027826926671,329.369684914
38.6578819752,0.0271901360247,329.380311072
38.6837179661,0.0278925593011,329.384694342
38.7093939781,0.0271716190036,329.363337252
38.7350270748,0.0278707174584,329.407645622
38.7606961727,0.0272060872521,329.365516081
38.7863471508,0.027801245451,329.375464935
38.8120019436,0.0273047888186,329.360575415
38.8377151489,0.0276533013675,329.390673665
38.8633670807,0.0274975108914,329.393169144
38.8890211582,0.0274282938335,329.359698342
38.9147109985,0.0277069141157,329.394595465
38.9403631687,0.0272408290766,329.366263002
38.9660179615,0.0278472993523,329.389811726
38.9916660786,0.0271606096067,329.380255891
39.0173370838,0.0278771005105,329.407533864
39.0429890156,0.0271611660719,329.361950513
39.0686571598,0.0278450583573,329.389523249
39.0943391323,0.0272068253253,329.363821307
39.1199901104,0.0277561659459,329.399886774
39.145660162,0.0273249694146,329.379116185
39.171339035,0.0275861052796,329.378873575
39.196999073,0.0275340548251,329.388951417
39.2229750156,0.0273655634373,329.345824663
39.2487239838,0.0277778611053,329.385322286
39.2744419575,0.0271676387638,329.35801032
39.3000769615,0.0278602982871,329.395251814
39.3257739544,0.027137354482,329.367507948
39.3514611721,0.0278434471693,329.39474727
39.3771409988,0.027167450171,329.347820487
39.402793169,0.0277843070216,329.373886576
39.4284460545,0.0272522470914,329.363881378
39.4540841579,0.0276535667945,329.37536668
39.4797530174,0.0274198874831,329.380942043
39.5054409504,0.0274409097619,329.363858793
39.5310740471,0.0276459136512,329.386875965
39.5567469597,0.0272398407105,329.36820481
39.5824389458,0.0277937902138,329.38664523
39.6080760956,0.0271334860008,329.366415041
39.6337440014,0.0278465938754,329.387919279
39.6594400406,0.0271217070986,329.365324927
39.685074091,0.0278182933107,329.396108398
39.7107460499,0.0271649763454,329.352250788
39.7364389896,0.0277496455237,329.369548941
39.7620739937,0.0272769958246,329.377166694
39.7877471447,0.0275935407262,329.363390105
39.8134419918,0.0274653674569,329.36642156
39.8390741348,0.0273634376936,329.364856472
39.8647711277,0.0276766635943,329.376272857
39.8904471397,0.027186376974,329.358269228
39.9161021709,0.0278064527083,329.393854598
39.9417750835,0.0271107233129,329.358181218
39.9675109386,0.0278298207559,329.380008858
39.9931440353,0.0271188572515,329.355071997
40.018789053,0.0277947774157,329.39271396
40.0444440842,0.0271754467394,329.356168164
40.0701010227,0.0276979920454,329.381163465
40.0957591534,0.0273042160552,329.375366447
40.1214370728,0.0275220593903,329.359447118
40.1470770836,0.0275131349918,329.365534941
40.1727480888,0.0273006048519,329.372120788
40.1984369755,0.0277072447352,329.393525608
40.2240700722,0.0271379866172,329.368253704
40.2497501373,0.0278083898593,329.380678479
40.2754399776,0.0270931702107,329.356160248
40.3010940552,0.0278090545908,329.383765114
40.3267481327,0.0271112367045,329.355808906
40.352437973,0.0277606432792,329.395289067
40.378070116,0.0271832791623,329.358037794
40.4037520885,0.0276534829754,329.364648787
40.4294371605,0.027333755279,329.376666807
40.4550709724,0.0274488341529,329.368821578
40.4807419777,0.0275469431654,329.371965025
40.5064370632,0.0272317626514,329.352200031
40.5320701599,0.0277302553877,329.395017819
40.557765007,0.0271052820608,329.371904489
40.5834441185,0.0277957262006,329.391322099
40.6090950966,0.0270774797536,329.361350043
40.6347789764,0.0277873279992,329.408505
40.6604411602,0.0271078327205,329.36188532
40.6860699654,0.0277241645381,329.386128113
40.712018013,0.0271940557286,329.380322946
40.7378549576,0.0275485427119,329.372987617
40.763561964,0.0274452893063,329.383848468
40.7892081738,0.0272994267289,329.354305053
40.8148839474,0.027655948652,329.371992266
40.8405611515,0.0271230645012,329.369817395
40.8662109375,0.0277716701385,329.390247585
40.8918681145,0.0270627508871,329.379205825
40.9175901413,0.0277809356339,329.396091169
40.9432251453,0.027075734688,329.360179137
40.968873024,0.0277408957481,329.391372623
40.9945690632,0.0271343602799,329.342124984
41.0202219486,0.0276392535307,329.381027725
41.045871973,0.0272788014263,329.379611881
41.0716781616,0.0274336442817,329.355537193
41.0973279476,0.0275159953162,329.388149083
41.1229979992,0.0272135459818,329.366772203
41.1486589909,0.0276957917958,329.382805619
41.1743340492,0.0270794378594,329.364388948
41.1999919415,0.0277705455665,329.382717842
41.2256810665,0.0270479207393,329.356452916
41.2513310909,0.0277578574605,329.390992876
41.2769899368,0.0270778487902,329.349454958
41.3026461601,0.0277015485335,329.391163541
41.3283140659,0.0271581776906,329.355621478
41.3539710045,0.0275696488097,329.353759764
41.3796601295,0.0273284700233,329.371987609
41.4053571224,0.0273651489988,329.354886431
41.4310121536,0.0275610014796,329.375094268
41.4566791058,0.0271527422592,329.355681315
41.4823279381,0.0277096265927,329.37629451
41.5079801083,0.0270466029178,329.360361444
41.533643961,0.0277601729613,329.373294022
41.559317112,0.0270358438138,329.353593057
41.5849790573,0.0277352472767,329.390375176
41.6106491089,0.0270780920982,329.337462783
41.6363260746,0.0276643992402,329.381117364
41.6619939804,0.0271820928901,329.352140427
41.687680006,0.02750816755,329.36531282
41.7133271694,0.0273733853828,329.363120487
41.7389891148,0.0272795546334,329.366108868
41.7646710873,0.0275824812707,329.365382669
41.7903239727,0.0271018454805,329.36375984
41.8159780502,0.0277191388886,329.366846476
41.841643095,0.0270250882022,329.360816162
41.8673160076,0.0277461227961,329.372478183
41.8929791451,0.0270348950289,329.34568543
41.9186439514,0.0277131341863,329.380383715
41.944314003,0.0270852586254,329.343025805
41.9699661732,0.027620656183,329.361416865
41.9956469536,0.0272080115974,329.344788566
42.0213141441,0.0274447118863,329.355989816
42.046970129,0.0274155836087,329.349906184
42.0727219582,0.0272221048363,329.347955994
42.0984301567,0.0276231451426,329.357884591
42.124063015,0.0270523398649,329.320800956
42.1497631073,0.0277205440216,329.355957219
42.1754281521,0.0270036153961,329.330038745
42.2010650635,0.0277212681249,329.36123386
42.2270460129,0.0270261650439,329.333392438
42.2527461052,0.0276532920543,329.359213822
42.278429985,0.0271319539752,329.34414153
42.3040640354,0.0275128730573,329.349976964
42.329750061,0.0273039238527,329.348283354
42.355435133,0.0272962241434,329.342532437
42.3810870647,0.0275315041654,329.341392731
42.406744957,0.0270971225109,329.334694892
42.4324440956,0.0276750861667,329.36676289
42.4581310749,0.0269978260621,329.34447797
42.4837660789,0.0277158070821,329.372363864
42.5094370842,0.0269952090457,329.342628829
42.5351009369,0.027686272515,329.390597995
42.5607500076,0.0270391465165,329.346896848
42.5864281654,0.0276087364182,329.355693888
42.6120641232,0.0271535909269,329.34450102
42.6377561092,0.0274453416932,329.364762874
42.6634361744,0.0273496250156,329.353306908
42.6890909672,0.0272152305115,329.351756023
42.7147700787,0.0275588291697,329.368161969
42.7404301167,0.0270370044746,329.343355494
42.7660629749,0.0276787555777,329.359886935
42.7917301655,0.0269756710622,329.343149206
42.817428112,0.0276975159068,329.372993205
42.8430600166,0.0269859307446,329.347272171
42.8687319756,0.0276582164224,329.379431903
42.8944220543,0.0270445179194,329.348328989
42.920058012,0.0275559991132,329.376702663
42.945734024,0.0271784467623,329.339729855
42.9714250565,0.0273749243934,329.354686663
42.9970581532,0.0273950980045,329.383024946
43.0227241516,0.0271516793873,329.340488184
43.0484261513,0.0275835150387,329.356030794
43.0740590096,0.0269989005756,329.351615161
43.0997290611,0.0276750535704,329.384064302
43.1254200935,0.026957357768,329.337602481
43.1510500908,0.0276759150438,329.376490088
43.176721096,0.0269815395586,329.343363177
43.2024109364,0.0276267866138,329.350483604
43.2280430794,0.0270571524743,329.335889081
43.2537341118,0.0275065912865,329.361325596
43.2794229984,0.0272148766089,329.357848736
43.3050560951,0.0272977096029,329.3680856
43.3307249546,0.0274306058418,329.367774306
43.3564200401,0.0270867429208,329.353461741
43.3820590973,0.0276090181433,329.36236728
43.4077320099,0.0269663683139,329.357915092
43.4334230423,0.0276701967232,329.379412811
43.459056139,0.0269466266036,329.34967638
43.4848930836,0.027649361873,329.389255494
43.5105700493,0.026991617633,329.361386131
43.5362231731,0.0275780819356,329.376224196
43.5618760586,0.0270955008455,329.36255727
43.5876400471,0.027425858425,329.366344027
43.613312006,0.0272952078376,329.38387082
43.6389670372,0.0271817552857,329.374569003
43.664659977,0.027509102365,329.390746076
43.690320015,0.0270013452973,329.375812551
43.7161631584,0.0276328949258,329.377779039
43.7418739796,0.0269317824859,329.36274237
43.7675800323,0.0276532198768,329.400977818
43.7932209969,0.026950254105,329.351736233
43.8188691139,0.0276060274336,329.386740457
43.8445601463,0.0270149193238,329.343372025
43.8702161312,0.0274948461447,329.383523669
43.8958640099,0.0271667051129,329.366170336
43.9215481281,0.0273056561127,329.357577022
43.9472169876,0.0273850758094,329.36654822
43.9728660583,0.0270828593057,329.353520647
43.9985470772,0.0275652261917,329.375977861
44.0241999626,0.0269474554807,329.364243662
44.0498540401,0.0276399450377,329.377619782
44.0755400658,0.0269224517979,329.353253124
44.1011900902,0.0276308727916,329.38533579
44.1268441677,0.0269511993974,329.357500188
44.1525681019,0.0275791052263,329.37730616
44.1782140732,0.0270403164905,329.346492654
44.2038669586,0.0274395779707,329.378645634
44.2295510769,0.0272053154185,329.378030729
44.2552130222,0.0272245355882,329.366237158
44.2808599472,0.0274242367595,329.372022999
44.306566,0.0270254653879,329.352494329
44.3322119713,0.0275826069992,329.380647046
44.3578650951,0.0269125250634,329.35417071
44.3835480213,0.0276275759097,329.372429056
44.4091999531,0.0269059417769,329.360635951
44.4348859787,0.0276045221835,329.378255643
44.4605560303,0.0269495067187,329.356386792
44.4862120152,0.0275300408248,329.372846987
44.5118639469,0.0270541803911,329.392900923
44.5375680923,0.0273779698182,329.370707739
44.5632071495,0.0272545067128,329.369124956
44.5888571739,0.0271535746288,329.377753194
44.6145479679,0.0274598109536,329.371698434
44.6402111053,0.0269687513355,329.352694331
44.6658711433,0.0275917095132,329.37576063
44.6915450096,0.026892463211,329.351663589
44.7171909809,0.0276181916706,329.387194943
44.7428410053,0.0269054051023,329.350458924
44.7685320377,0.0275789329316,329.377931077
44.794178009,0.0269584625494,329.35340493
44.8198339939,0.0274902733508,329.372594366
44.8455281258,0.0270851911046,329.362143995
44.8711881638,0.027311865706,329.371036729
44.8968429565,0.0272959587164,329.384449869
44.9225699902,0.0270868325606,329.361276468
44.9482159615,0.0275000929832,329.381974647
44.9738650322,0.0269231945276,329.367500264
44.9995450974,0.0275950424839,329.388641752
45.0251891613,0.0268758716993,329.349498264
45.0508420467,0.0275934417732,329.392100452
45.0765459538,0.02689485671,329.330639215
45.1022019386,0.0275442015845,329.359585186
45.1278531551,0.0269703066442,329.346907558
45.1535451412,0.0274334091228,329.353401903
45.1791961193,0.0271194882225,329.332905589
45.204873085,0.027231532149,329.335601069
45.2308151722,0.0273374491371,329.353599111
45.2565450668,0.0269680668134,329.334338428
45.2822029591,0.0275441084523,329.367378261
45.3078620434,0.026872017188,329.352461034
45.3335461617,0.0275909679476,329.362898832
45.3592131138,0.0268677750137,329.337219708
45.3848819733,0.027562645264,329.362397781
45.4105620384,0.0269095494878,329.32378375
45.4362089634,0.0274845294189,329.382742522
45.4618599415,0.0270223035477,329.342412762
45.4875700474,0.0273230473977,329.358662246
45.5132069588,0.0272201036569,329.35403497
45.5388541222,0.0270995358005,329.33058287
45.5645289421,0.0274259538855,329.361523269
45.5901780128,0.0269175320864,329.347924097
45.6158270836,0.0275515310932,329.365478596
45.6415250301,0.0268507993314,329.333140515
45.6671741009,0.027575334534,329.354534624
45.6928400993,0.0268594617955,329.331961693
45.718542099,0.027536918642,329.363929573
45.7441990376,0.0269167346414,329.332658555
45.7698540688,0.0274386431556,329.338261392
45.7955429554,0.0270505354274,329.348089173
45.8211920261,0.0272518431302,329.339422518
45.8468461037,0.0272623961791,329.349414911
45.8725550175,0.0270366470795,329.346135259
45.8983800411,0.0274753407575,329.348075669
45.9240150452,0.0268666725606,329.33358755
45.9496991634,0.027556582354,329.349161824
45.9753811359,0.026835600147,329.310711008
46.0010139942,0.0275496009272,329.351483379
46.0266890526,0.0268628110643,329.324179795
46.0523681641,0.027496884577,329.352633329
46.0780010223,0.02694751136,329.338207142
46.1037011147,0.0273688544985,329.350460554
46.129376173,0.0271200190764,329.340333352
46.1550130844,0.0271548179444,329.34662397
46.1806890965,0.0273314176593,329.350632383
46.2063729763,0.0269503542222,329.324984923
46.2320070267,0.0274983991403,329.356862931
46.257707119,0.0268397072796,329.31456808
46.2834050655,0.0275496463291,329.346022569
46.3090360165,0.0268249865621,329.344792524
46.3347351551,0.0275247718673,329.35953117
46.3604230881,0.0268661347218,329.322745791
46.3860821724,0.0274445943069,329.348599305
46.4117331505,0.0269728596322,329.345318489
46.4374301434,0.0272927735932,329.342399025
46.4630820751,0.0271705468185,329.350233078
46.4887330532,0.0270710804034,329.357532086
46.5144121647,0.0273779861163,329.345103353
46.5400471687,0.0268910313025,329.354850575
46.565737009,0.0275099265855,329.357410315
46.5914130211,0.026813527802,329.343738733
46.6170420647,0.0275375205092,329.357889015
46.6427190304,0.0268238771241,329.324272461
46.6684100628,0.0274989753962,329.37403908
46.694065094,0.0268775050063,329.335150542
46.7199680805,0.0274097640067,329.347127583
46.7457211018,0.0270414631814,329.352000961
46.7714159489,0.0271759426687,329.36615916
46.7971000671,0.0272751925513,329.375614878
46.8227319717,0.0269517372362,329.347494058
46.8484220505,0.0274532544427,329.363345634
46.8740820885,0.0268261076417,329.352340661
46.8997471333,0.0275276252069,329.373940127
46.9254109859,0.0268017454073,329.347751336
46.9510440826,0.0275122711901,329.371797387
46.9767160416,0.0268323661294,329.340515193
47.0024101734,0.0274530763272,329.370436957
47.0280439854,0.0269187195227,329.339702846
47.0537390709,0.0273187994026,329.353799811
47.0794150829,0.0270951236598,329.362729331
47.1050670147,0.0270940561313,329.361181008
47.1307311058,0.0273155409377,329.392499989
47.1564121246,0.0268971081823,329.339400632
47.1820521355,0.0274684291799,329.384589801
47.2077219486,0.0267988524865,329.3649361
47.2334120274,0.0275110825896,329.3842352
47.2590501308,0.0267923576757,329.342847224
47.2847430706,0.0274912454188,329.387164442
47.3104081154,0.0268364115618,329.36405926
47.3360450268,0.0274091470055,329.382762779
47.3617150784,0.026942701079,329.377533402
47.3874151707,0.0272527756169,329.377718037
47.4130649567,0.0271460833028,329.375728266
47.4387290478,0.027025466552,329.367646482
47.4644150734,0.0273539568298,329.382659169
47.4900670052,0.0268430565484,329.364455538
47.5157220364,0.0274735118728,329.387292033
47.541408062,0.0267703761347,329.355238704
47.5670390129,0.027495555114,329.390311847
47.5927131176,0.0267836626153,329.350719228
47.6184060574,0.0274602754507,329.383373028
47.6440429688,0.0268444337416,329.365971265
47.6697330475,0.0273631315213,329.379901756
47.6954081059,0.0269777001813,329.379608389
47.7210400105,0.027180070756,329.379078001
47.7467081547,0.0271896459162,329.382794909
47.7724010944,0.026960496325,329.372050473
47.7980360985,0.0273908337113,329.393365886
47.823704958,0.0268074427731,329.367226223
47.8493981361,0.0274810753763,329.392286949
47.8750369549,0.026761648478,329.362208024
47.9007050991,0.0274823175278,329.400215298
47.9264039993,0.0267842796165,329.349885462
47.9520390034,0.0274312659167,329.394985456
47.9777209759,0.0268589041661,329.361181008
48.0034151077,0.0273166364059,329.392207321
48.0290689468,0.0270275317598,329.390316736
48.0547499657,0.0271119573154,329.373739194
48.0804159641,0.0272415624931,329.388545593
48.1060700417,0.0268883991521,329.379021656
48.1317210197,0.0274085788988,329.392331187
48.1574130058,0.0267725624144,329.376530368
48.183068037,0.027475648094,329.401383875
48.2087190151,0.0267534365412,329.371813685
48.2347550392,0.0274581951089,329.413622152
48.2604830265,0.0268088513985,329.377794871
48.2861180305,0.0273613736499,329.400358023
48.3119039536,0.0269400677644,329.387980048
48.3375940323,0.02717207768,329.379693139
48.3632690907,0.0271507888101,329.39162734
48.388906002,0.0269423041027,329.38985317
48.4145591259,0.0273467262741,329.400692601
48.4402019978,0.0267855729908,329.370814143
48.4658491611,0.0274496839847,329.400477
48.4915299416,0.0267372152302,329.363860888
48.5171749592,0.0274577178061,329.388528364
48.5428769588,0.0267520186026,329.36712401
48.5685629845,0.027413276257,329.394266941
48.5942111015,0.0268222892191,329.372336622
48.6198489666,0.0273013464175,329.387618694
48.6455299854,0.0269655417651,329.369178507
48.6711790562,0.0271086604334,329.380874755
48.6968410015,0.027186202351,329.390068771
48.7225620747,0.0268918601796,329.376369016
48.7482011318,0.027375118807,329.389703926
48.7738499641,0.0267564971,329.386496916
48.7995290756,0.027448447654,329.403571319
48.8251969814,0.0267255329527,329.381455434
48.8508470058,0.0274391646963,329.392558429
48.8765289783,0.0267496379092,329.366336344
48.9021811485,0.0273837894201,329.417057568
48.9278359413,0.0268349517137,329.369041836
48.9535341263,0.0272529385984,329.38691508
48.9791901112,0.0270105374511,329.393927008
49.0048680305,0.0270346272737,329.376294743
49.0305449963,0.0272287009284,329.389895312
49.0561990738,0.0268225069158,329.366333783
49.0818481445,0.027386022266,329.390614526
49.107555151,0.0267213978805,329.367526574
49.1332271099,0.027437171666,329.38843756
49.1588640213,0.0267143978272,329.366585007
49.1845359802,0.0274123367853,329.392858082
49.2101891041,0.0267532176804,329.364882084
49.2358510494,0.027337311767,329.385992605
49.2615301609,0.0268593931105,329.37318203
49.2871770859,0.0271800113842,329.391005915
49.3128299713,0.0270494178403,329.378318274
49.3385341167,0.0269614148419,329.36910307
49.3641941547,0.0272674614098,329.371537082
49.3898539543,0.026772164274,329.360528616
49.4155311584,0.0273976696189,329.386058496
49.441190958,0.0266996270511,329.384010984
49.4668440819,0.0274194451049,329.388308339
49.4926400185,0.0267004570924,329.373738496
49.5182950497,0.0273770454805,329.399548471
49.5439510345,0.0267670257017,329.375140602
49.569614172,0.0272792344913,329.388679471
49.5952820778,0.0268999848049,329.391836887
49.6209411621,0.0270896521397,329.383851262
49.6466121674,0.0271134905051,329.401544295
49.6722819805,0.026873126626,329.380517825
49.6979370117,0.0273128820118,329.398071161
49.7238390446,0.0267285062,329.374734778
49.7495880127,0.0274083320983,329.402050236
49.7752690315,0.0266817642841,329.356141156
49.8009080887,0.0273916637525,329.404265154
49.8266060352,0.0267207738943,329.376784619
49.8522789478,0.0273299193941,329.390716273
49.8779470921,0.0268162647262,329.382397933
49.9036109447,0.0271842384245,329.38179723
49.9292981625,0.0269960425794,329.38614767
49.9549450874,0.026962190168,329.374117311
49.9806129932,0.0272148905788,329.39000288
50.0065670013,0.0267661397811,329.388869926
50.0323221684,0.0273808417842,329.403961543
50.0579791069,0.0266720203217,329.378258903
50.0836529732,0.0273952796124,329.410194652
50.1093161106,0.0266839808319,329.349843552
50.1349740028,0.0273518043105,329.396344023
50.1606471539,0.0267484388314,329.375334783
50.1863019466,0.0272502063308,329.400306335
50.2119619846,0.0268926296849,329.393509077
50.2376749516,0.0270642607938,329.37275013
50.2633669376,0.0271102902479,329.39507463
50.2890131474,0.0268316315487,329.377427232
50.3147289753,0.0272994814441,329.386095284
50.3404071331,0.026688844664,329.382952536
50.3660769463,0.0273853342514,329.403697513
50.3917210102,0.0266578712035,329.360113246
50.4175901413,0.0273716740776,329.409038415
50.4432730675,0.0266967574134,329.37197201
