0.001760244369506836,0.0010551698505878448
0.005000591278076172,0.00038890051655471325
0.00748896598815918,0.0005214649718254805
0.009978055953979492,0.0005986052565276623
0.012474298477172852,0.0004531827289611101
0.014968633651733398,0.0008732662536203861
0.01747274398803711,0.0009952392429113388
0.019962787628173828,0.0004967523273080587
0.02245783805847168,0.00040526152588427067
0.024953842163085938,0.0005254172720015049
0.02745652198791504,0.0005078839603811502
0.02995014190673828,0.0005199352744966745
0.03244519233703613,0.0010056013707071543
0.03494071960449219,0.0008364859968423843
0.03745150566101074,0.0004096853081136942
0.03993844985961914,0.0004723900929093361
0.04243326187133789,0.0005706341471523046
0.04493141174316406,0.00044523621909320354
0.04743313789367676,0.000685681588947773
0.04992866516113281,0.0010473234578967094
0.05242204666137695,0.0006401725113391876
0.0549163818359375,0.00038747326470911503
0.05741405487060547,0.0005258829332888126
0.05991005897521973,0.0005804083775728941
0.062404632568359375,0.0004400080069899559
0.06490397453308105,0.0008652312681078911
0.06740260124206543,0.0009869469795376062
0.06989812850952148,0.0004907732363790274
0.07239079475402832,0.0004029122646898031
0.07490062713623047,0.0005404744297266006
0.07738852500915527,0.0005127338226884604
0.07988142967224121,0.0005165219772607088
0.0823814868927002,0.001001619966700673
0.08487486839294434,0.0008361600339412689
0.08737564086914062,0.00040459795854985714
0.08986639976501465,0.0004469463601708412
0.09236502647399902,0.0006085517816245556
0.09485960006713867,0.0004781328607350588
0.09736084938049316,0.0006500526797026396
0.09988927841186523,0.001035137102007866
0.10235261917114258,0.0006638676859438419
0.1048440933227539,0.00037948600947856903
0.10734844207763672,0.0004761491436511278
0.10983777046203613,0.0005353009328246117
0.11233901977539062,0.00043003703467547894
0.11482763290405273,0.0008419773075729609
0.11733102798461914,0.0010158051736652851
0.1198263168334961,0.0005238654557615519
0.12231898307800293,0.00039118342101573944
0.12481951713562012,0.0005367514677345753
0.12731480598449707,0.0005224824417382479
0.12981438636779785,0.0004998513031750917
0.1323096752166748,0.0009789783507585526
0.13480567932128906,0.0008563126903027296
0.13730406761169434,0.00041873776353895664
0.13979506492614746,0.0004373223055154085
0.14229416847229004,0.0005622801836580038
0.144789457321167,0.0004630233161151409
0.14728975296020508,0.0006530829705297947
0.14978837966918945,0.0010665599256753922
0.15228009223937988,0.0006743136327713728
0.15477228164672852,0.0003796920645982027
0.15727543830871582,0.0004844903014600277
0.15976977348327637,0.0005559565033763647
0.16226553916931152,0.00044020707719027996
0.1647639274597168,0.0008311890996992588
0.16726255416870117,0.000995866721495986
0.16975760459899902,0.0005172134842723608
0.17225265502929688,0.00039874925278127193
0.17474889755249023,0.0005118502303957939
0.17724847793579102,0.000485079362988472
0.17974162101745605,0.00048663816414773464
0.18224072456359863,0.0009806896559894085
0.18473601341247559,0.0008947064634412527
0.18723702430725098,0.00043501146137714386
0.1897273063659668,0.00043640960939228535
0.19222307205200195,0.0005438365042209625
0.19471979141235352,0.00045311986468732357
0.19722652435302734,0.0006318732630461454
0.19971561431884766,0.001069152494892478
0.2022087574005127,0.0007365015335381031
0.20470619201660156,0.00038637081161141396
0.20720744132995605,0.0004720548167824745
0.2097010612487793,0.0005472474731504917
0.21219515800476074,0.0004275701940059662
0.2146928310394287,0.0008152925875037909
0.2171938419342041,0.0010491954162716866
0.2196817398071289,0.0005494849756360054
0.2221825122833252,0.00039642094634473324
0.22467803955078125,0.000524644274264574
0.22718071937561035,0.0005381822120398283
0.22967028617858887,0.00047604902647435665
0.23216962814331055,0.0009637454058974981
0.23466897010803223,0.0009019847493618727
0.23715996742248535,0.00042991130612790585
0.23965930938720703,0.0004422746133059263
0.24215245246887207,0.0005758926272392273
0.24464845657348633,0.0004804215859621763
0.2471466064453125,0.0006089231465011835
0.24964427947998047,0.0010943599045276642
0.2521355152130127,0.0007678440306335688
0.2546350955963135,0.00038667931221425533
0.25713419914245605,0.0004708592314273119
0.25963258743286133,0.0005491857882589102
0.26212501525878906,0.00042924308218061924
0.26462221145629883,0.0007961527444422245
0.2671220302581787,0.0010494969319552183
0.26961731910705566,0.0005646701902151108
0.272108793258667,0.0004027725663036108
0.27460646629333496,0.0005305872764438391
0.27710485458374023,0.0005325302481651306
0.2795999050140381,0.0004746997728943825
0.28209543228149414,0.0009968620724976063
0.2845907211303711,0.0009668606799095869
0.2870941162109375,0.0004480022471398115
0.28958868980407715,0.00042454805225133896
0.2920825481414795,0.0005162053275853395
0.29457926750183105,0.00044550513848662376
0.29708290100097656,0.0005975307431071997
0.2995619773864746,0.001060249051079154
0.30206823348999023,0.0007428298704326153
0.3045613765716553,0.0003973452840000391
0.3070707321166992,0.0005039980169385672
0.30954766273498535,0.0005933316424489021
0.3120577335357666,0.00044261221773922443
0.31455159187316895,0.0007691420614719391
0.3170475959777832,0.0010541954543441534
0.31954193115234375,0.000587349059060216
0.3220407962799072,0.0004010216798633337
0.3245353698730469,0.0005255232099443674
0.327042818069458,0.0005388655699789524
0.32951879501342773,0.00045761698856949806
0.33202624320983887,0.0009345263242721558
0.3345181941986084,0.000941386679187417
0.33702588081359863,0.0004565296694636345
0.3395066261291504,0.0004421966150403023
0.3420109748840332,0.0005671451799571514
0.34451937675476074,0.000484794145449996
0.3470170497894287,0.0005763547960668802
0.34949398040771484,0.001050952123478055
0.35199713706970215,0.0007817940786480904
0.3544921875,0.00039428938180208206
0.35700011253356934,0.0004900980275124311
0.3594822883605957,0.0005862803664058447
0.3619801998138428,0.00044002081267535686
0.3644847869873047,0.0007511884905397892
0.366985559463501,0.0010628357995301485
0.36942458152770996,0.0006135576404631138
0.3719303607940674,0.0003966549411416054
0.37442564964294434,0.0005231285467743874
0.37693166732788086,0.0005457655061036348
0.379457950592041,0.0004539685323834419
0.3819549083709717,0.0009206193499267101
0.38445162773132324,0.0009351165499538183
0.38700318336486816,0.00046202330850064754
0.38944149017333984,0.00042036757804453373
0.391939640045166,0.0005336524918675423
0.3944363594055176,0.0004781584721058607
0.3969762325286865,0.0005607644561678171
0.3994297981262207,0.001036986941471696
0.4019594192504883,0.0007903785444796085
0.4044203758239746,0.00039138365536928177
0.40696215629577637,0.0004625215660780668
0.4094092845916748,0.0005696341395378113
0.4119141101837158,0.00044488580897450447
0.4144096374511719,0.000717855291441083
0.4169445037841797,0.001016570022329688
0.4194037914276123,0.0005995831452310085
0.42189979553222656,0.00038921250961720943
0.4243919849395752,0.0005103601142764091
0.4269280433654785,0.0005339947529137135
0.4293828010559082,0.000440358417108655
0.43187737464904785,0.0008827145211398602
0.4343736171722412,0.000939549645408988
0.43695068359375,0.00047661829739809036
0.43938255310058594,0.00043179141357541084
0.44186973571777344,0.0005620182491838932
0.4443655014038086,0.0004972494207322598
0.4469034671783447,0.0005367619451135397
0.44936251640319824,0.001000340562313795
0.45185375213623047,0.0007928535342216492
0.4543495178222656,0.0004018808249384165
0.4568934440612793,0.0004858803004026413
0.4593377113342285,0.0006076856516301632
0.46184206008911133,0.0004598952364176512
0.4643399715423584,0.0007166527211666107
0.46686387062072754,0.0010516378097236156
0.46933531761169434,0.0006237078923732042
0.47182536125183105,0.00038588186725974083
0.47432446479797363,0.0004952040035277605
0.47684335708618164,0.0005601975135505199
0.47931838035583496,0.00044786487706005573
0.48181605339050293,0.0008744478691369295
0.48430728912353516,0.0009620958007872105
0.4868321418762207,0.0004784250631928444
0.48930788040161133,0.00043405103497207165
0.49180054664611816,0.0005772639997303486
0.49432945251464844,0.0005130795761942863
0.4968385696411133,0.0005164160393178463
0.49929261207580566,0.0009806640446186066
0.5017926692962646,0.0008168199565261602
0.5043160915374756,0.00041021034121513367
0.5067784786224365,0.0004828453529626131
0.50927734375,0.0005968741606920958
0.5117671489715576,0.00045937951654195786
0.5142693519592285,0.0006751599721610546
0.5167639255523682,0.0010010483674705029
0.5192601680755615,0.0006139290053397417
0.5217592716217041,0.0003779062535613775
0.524254560470581,0.0004918675404042006
0.5267493724822998,0.0005488726310431957
0.5292482376098633,0.00043443404138088226
0.5317449569702148,0.0008402660023421049
0.5342411994934082,0.0009339279495179653
0.5367355346679688,0.00048156827688217163
0.539236307144165,0.0004199438262730837
0.5417282581329346,0.0005642371252179146
0.5442287921905518,0.0005119608249515295
0.5467202663421631,0.0005116686224937439
0.5492191314697266,0.0009841937571763992
0.5517141819000244,0.00083762570284307
0.554213285446167,0.0004039623308926821
0.5567052364349365,0.000451777596026659
0.5592074394226074,0.0005429855082184076
0.5617015361785889,0.00043692532926797867
0.564197301864624,0.0006539165042340755
0.5666975975036621,0.001008802792057395
0.5691924095153809,0.0006396416574716568
0.571685791015625,0.0003910530358552933
0.5741832256317139,0.0005032017361372709
0.5766758918762207,0.0005642918404191732
0.5791792869567871,0.00043932930566370487
0.5816738605499268,0.0008318875916302204
0.5841679573059082,0.000966027146205306
0.5866672992706299,0.0004987826105207205
0.5891640186309814,0.0004114012699574232
0.5916600227355957,0.0005510670598596334
0.5941581726074219,0.0005309039261192083
0.5966503620147705,0.0005088420584797859
0.599158763885498,0.0009707140270620584
0.6016459465026855,0.000834811944514513
0.6041429042816162,0.00041510327719151974
0.6066417694091797,0.00046254368498921394
0.6091368198394775,0.0005583604797720909
0.6116294860839844,0.00045116408728063107
0.6141262054443359,0.000629243440926075
0.6166272163391113,0.0009964790660887957
0.6190855503082275,0.0006543891504406929
0.6215779781341553,0.00039245467633008957
0.6240692138671875,0.0004889140836894512
0.6265673637390137,0.0005145592149347067
0.6291117668151855,0.0004238809924572706
0.6316018104553223,0.0008928682655096054
0.6341001987457275,0.001106327399611473
0.6365945339202881,0.0005466374568641186
0.6390993595123291,0.0004099099896848202
0.6415913105010986,0.0005071167834103107
0.6440861225128174,0.0004910712596029043
0.6465821266174316,0.0005020247772336006
0.6490805149078369,0.0010698346886783838
0.651573896408081,0.0009503343608230352
0.6540701389312744,0.00042270636186003685
0.6565666198730469,0.00041650724597275257
0.659069299697876,0.0005369039718061686
0.6615591049194336,0.0004586111754179001
0.6640563011169434,0.0006481120362877846
0.666553258895874,0.00113795162178576
0.6690566539764404,0.0007548287976533175
0.6715483665466309,0.0003879040013998747
0.6740429401397705,0.0004708254709839821
0.6765427589416504,0.0005541264545172453
0.6790416240692139,0.0004277296829968691
0.6815323829650879,0.0008417968638241291
0.6840317249298096,0.0011069630272686481
0.6865279674530029,0.0005650578532367945
0.6890301704406738,0.0003989820834249258
0.691521167755127,0.0005130842328071594
0.6940174102783203,0.0005062855780124664
0.6965117454528809,0.0004851282574236393
0.69901442527771,0.0010249821934849024
0.7015047073364258,0.0009701994713395834
0.7040026187896729,0.0004352536052465439
0.7065339088439941,0.0004200753755867481
0.7089955806732178,0.0005675607826560736
0.711493730545044,0.00048433197662234306
0.7139859199523926,0.0006399210542440414
0.7164831161499023,0.0011374067980796099
0.7189843654632568,0.0007575086783617735
0.7214760780334473,0.0003838667180389166
0.7239739894866943,0.0004588463343679905
0.726473331451416,0.0005352497100830078
0.7289707660675049,0.00042365631088614464
0.7314643859863281,0.0008548353798687458
0.7339630126953125,0.0011269981041550636
0.7364511489868164,0.0005733990110456944
0.7389543056488037,0.0003936386201530695
0.7414495944976807,0.000502994516864419
0.7439420223236084,0.0005284918006509542
0.7464444637298584,0.0004802015610039234
0.7489423751831055,0.0010127003770321608
0.7514357566833496,0.000976265873759985
0.7539305686950684,0.00044110813178122044
0.7564308643341064,0.00040257349610328674
0.7589309215545654,0.000530794495716691
0.7614221572875977,0.00045546446926891804
0.7639214992523193,0.0006107322406023741
0.7664134502410889,0.0011252088006585836
0.7689111232757568,0.0007768988143652678
0.7714049816131592,0.0003819447010755539
0.7739036083221436,0.00045568798668682575
0.7763969898223877,0.0005406432319432497
0.7789018154144287,0.00042354105971753597
0.7813928127288818,0.0008275883737951517
0.7838940620422363,0.0011521915439516306
0.7863879203796387,0.000601884676143527
0.7888858318328857,0.00039336271584033966
0.7913818359375,0.000500120222568512
0.7938730716705322,0.0005311856511980295
0.7963736057281494,0.0004711165092885494
0.7988696098327637,0.0009824964217841625
0.8013627529144287,0.0009829062037169933
0.8038616180419922,0.00046256696805357933
0.8063554763793945,0.00042265281081199646
0.8088619709014893,0.0005259958561509848
0.8113508224487305,0.0004650524351745844
0.8138501644134521,0.0006008567288517952
0.8163466453552246,0.001131049357354641
0.8188443183898926,0.0007958686910569668
0.8213376998901367,0.00037680845707654953
0.8238310813903809,0.0004302745219320059
0.8263275623321533,0.0005307712126523256
0.828826904296875,0.00042229657992720604
0.831322193145752,0.0007933611050248146
0.8338186740875244,0.0011373590677976608
0.8363192081451416,0.0006119662430137396
0.8388171195983887,0.00037472229450941086
0.8413081169128418,0.00048723770305514336
0.843806266784668,0.0005342450458556414
0.8462998867034912,0.0004646193701773882
0.8488056659698486,0.0010085501708090305
0.8512933254241943,0.001018410548567772
0.8537905216217041,0.0004552572499960661
0.8562955856323242,0.00040504266507923603
0.8587818145751953,0.0005340122152119875
0.8612806797027588,0.0004861387424170971
0.8637840747833252,0.0005749380216002464
0.8662793636322021,0.001118143554776907
0.8687758445739746,0.0008328678086400032
0.8712668418884277,0.0003862695302814245
0.8737683296203613,0.00042603001929819584
0.8762547969818115,0.0005328527186065912
0.8787565231323242,0.0004319404251873493
0.8812539577484131,0.0007619441021233797
0.8837471008300781,0.0011454231571406126
0.8862452507019043,0.0006274017505347729
0.8887498378753662,0.00037698308005928993
0.8912410736083984,0.000485546188428998
0.8937363624572754,0.0005585653707385063
0.8962326049804688,0.0004557729698717594
0.898733377456665,0.0009613495785742998
0.9012236595153809,0.0010315969120711088
0.9037203788757324,0.0004745239857584238
0.906219482421875,0.00039301346987485886
0.9087545871734619,0.0005102006252855062
0.9112176895141602,0.0004711106885224581
0.9137005805969238,0.0005630613304674625
0.9162025451660156,0.0010873540304601192
0.918703556060791,0.0008192553650587797
0.9211978912353516,0.00039306702092289925
0.923703670501709,0.0004477438051253557
0.9261903762817383,0.0005570333451032639
0.928692102432251,0.00043677748180925846
0.9311783313751221,0.0007398228626698256
0.9336791038513184,0.001107610296458006
0.9361772537231445,0.0006330676842480898
0.9386718273162842,0.00038989237509667873
0.9411697387695312,0.0004802586045116186
0.9436583518981934,0.0005134940147399902
0.946155309677124,0.0004416785668581724
0.9486632347106934,0.0009294215124100447
0.9511549472808838,0.0010239891707897186
0.9536526203155518,0.0004923564847558737
0.9561457633972168,0.0004096166230738163
0.9586431980133057,0.0005380716174840927
0.96114182472229,0.0005098048131912947
0.9636363983154297,0.0005527969915419817
0.966132402420044,0.001105860574170947
0.9686336517333984,0.0008801999501883984
0.9711244106292725,0.0003985688090324402
0.9737167358398438,0.0004413642454892397
0.9762871265411377,0.0005417969077825546
0.9786579608917236,0.00043947366066277027
0.9811224937438965,0.0007117388304322958
0.983609676361084,0.0010995508637279272
0.9861090183258057,0.0006468850187957287
0.9886083602905273,0.00038347672671079636
0.9910988807678223,0.0004740722943097353
0.993596076965332,0.0005351204890757799
0.9961235523223877,0.0004455260932445526
0.9986062049865723,0.0009264377877116203
1.0010874271392822,0.0010373641271144152
1.0035827159881592,0.0004954601172357798
1.006075382232666,0.00041385297663509846
1.0085818767547607,0.0005329842679202557
1.0110704898834229,0.00048457179218530655
1.0135693550109863,0.0005307130049914122
1.016063928604126,0.0010660162661224604
1.0185654163360596,0.0008683511987328529
1.0210576057434082,0.00040027196519076824
1.0235512256622314,0.00042828149162232876
1.0260496139526367,0.0005450949538499117
1.028550148010254,0.00044852844439446926
1.0310444831848145,0.0007058936171233654
1.0335404872894287,0.0011234474368393421
1.0360357761383057,0.0006760528776794672
1.0385348796844482,0.00038668629713356495
1.0410311222076416,0.00047674751840531826
1.043524980545044,0.0005483604036271572
1.0460224151611328,0.00044132350012660027
1.0485234260559082,0.0009009498171508312
1.0510170459747314,0.0010297901462763548
1.0535106658935547,0.0004942296072840691
1.0560081005096436,0.00040041515603661537
1.0585072040557861,0.000539455795660615
1.0610027313232422,0.0005318433977663517
1.0634973049163818,0.0005260994657874107
1.0659945011138916,0.0010475772432982922
1.0684936046600342,0.0008752814028412104
1.0709848403930664,0.0004096399061381817
1.0734813213348389,0.0004450592678040266
1.0759785175323486,0.0005256303120404482
1.0784790515899658,0.0004360312595963478
1.0809741020202637,0.0006782379932701588
1.0834667682647705,0.001111115561798215
1.0859675407409668,0.0006833253428339958
1.0884737968444824,0.0003898434806615114
1.090949296951294,0.0005011982284486294
1.0934531688690186,0.000563011271879077
1.0959486961364746,0.00043443404138088226
1.0984513759613037,0.0008712336421012878
1.1009430885314941,0.0010614236816763878
1.1034419536590576,0.0005226337816566229
1.105942964553833,0.00039653852581977844
1.10844087600708,0.0005136802792549133
1.1109659671783447,0.0005130842328071594
1.1134276390075684,0.0005058653187006712
1.1159214973449707,0.0010244676377624273
1.1184442043304443,0.0009189092088490725
1.1209144592285156,0.0004250544589012861
1.123415231704712,0.0004278193227946758
1.1259069442749023,0.0005284545477479696
1.1284422874450684,0.00044029089622199535
1.1309051513671875,0.0006448884960263968
1.1333985328674316,0.0010920199565589428
1.1358954906463623,0.0007152359466999769
1.1384305953979492,0.00038748374208807945
1.1408908367156982,0.00047149602323770523
1.143385410308838,0.0005341542419046164
1.1458842754364014,0.00042667146772146225
1.1483829021453857,0.000841156579554081
1.1508755683898926,0.001055810134857893
1.1533691883087158,0.0005400762893259525
1.155864953994751,0.00040885177440941334
1.1583666801452637,0.0005451822653412819
1.1608595848083496,0.0005309493280947208
1.1633596420288086,0.0004929536953568459
1.1658520698547363,0.001081846421584487
1.1683533191680908,0.001056380569934845
1.170846700668335,0.00044997897930443287
1.1733417510986328,0.0004108052235096693
1.1758396625518799,0.0005295232404023409
1.1783394813537598,0.00045672873966395855
1.1808288097381592,0.0006517511792480946
1.1833281517028809,0.0011834385804831982
1.1858251094818115,0.0007869640830904245
1.1883227825164795,0.0003844581078737974
1.1908173561096191,0.00043784501031041145
1.1933140754699707,0.0005278259050101042
1.195810317993164,0.0004300381988286972
1.1983096599578857,0.0008591101504862309
1.2008028030395508,0.0011656968854367733
1.2033019065856934,0.0005812081508338451
1.2057950496673584,0.0003821239806711674
1.2082934379577637,0.0004802132025361061
1.2107911109924316,0.0004820676986128092
1.213289499282837,0.00047581386752426624
1.2157816886901855,0.0010220659896731377
1.2182836532592773,0.0009912147652357817
1.2207717895507812,0.00044145737774670124
1.2232744693756104,0.000396061223000288
1.2257709503173828,0.0005150469951331615
1.2282657623291016,0.00045287422835826874
1.2307612895965576,0.0006278965156525373
1.2332563400268555,0.0011444638948887587
1.2357542514801025,0.0007918686605989933
1.238257646560669,0.0003865745384246111
1.2407500743865967,0.000443008029833436
1.2432501316070557,0.00051131471991539
1.2457404136657715,0.00041774241253733635
1.2482383251190186,0.000814792001619935
1.2507340908050537,0.001097267959266901
1.253241777420044,0.0005821185186505318
1.255734920501709,0.0003973068669438362
1.2582275867462158,0.0005285278894007206
1.260718584060669,0.0005457038059830666
1.2632200717926025,0.00047461013309657574
1.265712022781372,0.000983289210125804
1.2682104110717773,0.0009751843754202127
1.2707083225250244,0.00044761807657778263
1.2731962203979492,0.0004092755261808634
1.2756989002227783,0.0005591020453721285
1.2781956195831299,0.000485260970890522
1.2806923389434814,0.0005961139686405659
1.2831897735595703,0.0011005229316651821
1.2856836318969727,0.0007976079359650612
1.2881832122802734,0.0003985862713307142
1.2906780242919922,0.000455701956525445
1.2931761741638184,0.0005356874316930771
1.2956719398498535,0.0004274898674339056
1.2981703281402588,0.0007702643051743507
1.3006651401519775,0.0010127027053385973
1.3031611442565918,0.0005569751374423504
1.3056573867797852,0.00038154073990881443
1.308154582977295,0.000494073610752821
1.3106534481048584,0.0005330750718712807
1.3131861686706543,0.000467345817014575
1.3156383037567139,0.0009178940672427416
1.318145513534546,0.000913664698600769
1.3206377029418945,0.00045138876885175705
1.3231303691864014,0.00042846077121794224
1.3256292343139648,0.0005776097532361746
1.328129529953003,0.000502951443195343
1.3306236267089844,0.0005837890785187483
1.3331196308135986,0.0010239286348223686
1.3356165885925293,0.0007526203989982605
1.33811616897583,0.00039685284718871117
1.3406093120574951,0.00045397202484309673
1.343102216720581,0.000555296428501606
1.3455986976623535,0.00043411157093942165
1.3481006622314453,0.0007420126348733902
1.350592851638794,0.0010234210640192032
1.353095531463623,0.0005877844523638487
1.3555891513824463,0.00040581333450973034
1.3580832481384277,0.0005321099888533354
1.3605785369873047,0.0005259551107883453
1.363077163696289,0.0004585843998938799
1.3655738830566406,0.0009301642421633005
1.3680758476257324,0.0009396299719810486
1.3705649375915527,0.00045773573219776154
1.373061180114746,0.0004147936124354601
1.3755593299865723,0.0005435384809970856
1.3780577182769775,0.0004889525007456541
1.3805556297302246,0.0005576410330832005
1.3830528259277344,0.000991086708381772
1.3855457305908203,0.0007540639489889145
1.3880414962768555,0.00038703903555870056
1.3905398845672607,0.0004477635957300663
1.3930284976959229,0.0005542102735489607
1.3955368995666504,0.0004367029760032892
1.3980236053466797,0.0007107818964868784
1.4005234241485596,0.0009960320312529802
1.4030203819274902,0.000581307103857398
1.4055190086364746,0.00037168036215007305
1.4080169200897217,0.0005051051266491413
1.4105124473571777,0.0005851441528648138
1.413011074066162,0.0004569441080093384
1.4155373573303223,0.0008907215669751167
1.4180078506469727,0.000912622781470418
1.4204931259155273,0.0004629325121641159
1.4229936599731445,0.00041309045627713203
1.4254910945892334,0.0005468667950481176
1.4279897212982178,0.0005041551776230335
1.4304792881011963,0.0005429994780570269
1.4329814910888672,0.000994051806628704
1.4354782104492188,0.0007879175245761871
1.4379756450653076,0.00039877952076494694
1.4404664039611816,0.00044692191295325756
1.442967414855957,0.0005670497193932533
1.445462703704834,0.00045161577872931957
1.4479601383209229,0.0007127225399017334
1.450453519821167,0.0010252126958221197
1.4529545307159424,0.0005984085146337748
1.4554483890533447,0.000392240472137928
1.4579493999481201,0.0005101342685520649
1.4604403972625732,0.0005649053491652012
1.4629383087158203,0.0004528230056166649
1.465442180633545,0.0008737586904317141
1.4679350852966309,0.000929167727008462
1.470421314239502,0.0004738906864076853
1.4729208946228027,0.00042515690438449383
1.4754159450531006,0.0005287269596010447
1.4779531955718994,0.00047675566747784615
1.4804205894470215,0.0005280470941215754
1.4829072952270508,0.0009873067028820515
1.4854037761688232,0.0007812620606273413
1.4879043102264404,0.0003956397995352745
1.490393877029419,0.0004584889393299818
1.492891550064087,0.0005887344013899565
1.4953887462615967,0.0004452082794159651
1.4979288578033447,0.0007050472777336836
1.5003910064697266,0.0010467891115695238
1.5028789043426514,0.0006319698877632618
1.5053749084472656,0.00038527417927980423
1.5078814029693604,0.0004794960841536522
1.5103678703308105,0.0005299900658428669
1.5128674507141113,0.000436464324593544
1.5153558254241943,0.0008673861157149076
1.5178704261779785,0.0009456789121031761
1.5203611850738525,0.00047384994104504585
1.5228567123413086,0.0004024768713861704
1.525353193283081,0.0005144171882420778
1.5278511047363281,0.0004856102168560028
1.5303428173065186,0.0005243252962827682
1.5328452587127686,0.001001317286863923
1.5353398323059082,0.0008268794044852257
1.537837266921997,0.0004010519478470087
1.540332555770874,0.0004306680057197809
1.5428268909454346,0.0005532358773052692
1.5453228950500488,0.00045484513975679874
1.5478243827819824,0.000675753690302372
1.5503177642822266,0.0010262441355735064
1.5528132915496826,0.0006248417776077986
1.5552716255187988,0.0003661972004920244
1.557772159576416,0.00048403278924524784
1.560305118560791,0.0005681952461600304
1.562798261642456,0.00044308719225227833
1.565295934677124,0.000850859796628356
1.5677924156188965,0.0009737571235746145
1.5702900886535645,0.000502350740134716
1.572784423828125,0.00039294478483498096
1.5752832889556885,0.0005263299681246281
1.5777809619903564,0.0005230435635894537
1.5802736282348633,0.0005212775431573391
1.5827758312225342,0.0009938888251781464
1.5852696895599365,0.0008608144707977772
1.5877671241760254,0.0004199694376438856
1.5902619361877441,0.0004254234954714775
1.592757225036621,0.0005597912240773439
1.5952513217926025,0.0004628486931324005
1.5977535247802734,0.0006592052523046732
1.6002464294433594,0.0010222475975751877
1.6027450561523438,0.0006479187868535519
1.6052422523498535,0.00036995625123381615
1.6077406406402588,0.00044764019548892975
1.6102328300476074,0.000533456914126873
1.6127314567565918,0.00043206382542848587
1.6152269840240479,0.000832750229164958
1.6177587509155273,0.0009791471529752016
1.6202232837677002,0.0005053810309618711
1.6227164268493652,0.0003846408799290657
1.625213623046875,0.0005219678860157728
1.6277189254760742,0.0005330913700163364
1.6302027702331543,0.0005015241913497448
1.6327030658721924,0.0009786116424947977
1.6351985931396484,0.000849883072078228
1.637697458267212,0.0004254886880517006
1.6401922702789307,0.0004658871330320835
1.6426875591278076,0.000574503792449832
1.6451854705810547,0.0004555843770503998
1.64768385887146,0.0006411015056073666
1.6501762866973877,0.00105659244582057
1.6526718139648438,0.0006997177843004465
1.6551709175109863,0.00038721831515431404
1.6576743125915527,0.00048421788960695267
1.6601626873016357,0.0005730369593948126
1.6626596450805664,0.0004360359162092209
1.665156364440918,0.0008166558109223843
1.667654275894165,0.001028022961691022
1.670149564743042,0.0005432346370071173
1.6726441383361816,0.0003851123619824648
1.6751437187194824,0.0005277700256556273
1.6776409149169922,0.0005454255733639002
1.6801338195800781,0.0004886172246187925
1.6826322078704834,0.0009638501796871424
1.685129165649414,0.0008920405525714159
1.6876280307769775,0.00042574480175971985
1.690122127532959,0.0004130264278501272
1.692617654800415,0.0005378085188567638
1.6951136589050293,0.00046510249376296997
1.6976120471954346,0.0006219872739166021
1.7001056671142578,0.001047835685312748
1.7026076316833496,0.0007053359877318144
1.7051000595092773,0.00038283062167465687
1.7076013088226318,0.00045359134674072266
1.7100937366485596,0.000545247457921505
1.7125952243804932,0.00043701729737222195
1.7150797843933105,0.0008212984539568424
1.7175836563110352,0.0010348623618483543
1.7200825214385986,0.0005485967267304659
1.7225773334503174,0.00038828118704259396
1.725071668624878,0.000496360007673502
1.7275714874267578,0.0005080318078398705
1.7300636768341064,0.0004766543861478567
1.7325611114501953,0.0009497767314314842
1.7350561618804932,0.0008904933929443359
1.737555980682373,0.0004300568252801895
1.7400519847869873,0.00042494037188589573
1.7425460815429688,0.0005411077290773392
1.7450447082519531,0.0004530814476311207
1.7475450038909912,0.0006144307553768158
1.7500371932983398,0.0010708416812121868
1.7525358200073242,0.0007338030263781548
1.7550318241119385,0.0003819784615188837
1.7575302124023438,0.00046805362217128277
1.7600250244140625,0.0005444965790957212
1.7625207901000977,0.00042516738176345825
1.7650198936462402,0.00077106524258852
1.7675182819366455,0.0010236247908324003
1.7700092792510986,0.0005586736369878054
1.772505283355713,0.0003969238605350256
1.775000810623169,0.0005035195499658585
1.7775022983551025,0.0005081412382423878
1.7799954414367676,0.0004629557952284813
1.7824938297271729,0.0009465531911700964
1.7849862575531006,0.0009273411706089973
1.7874863147735596,0.00045135035179555416
1.789982557296753,0.00043573789298534393
1.7924792766571045,0.0005303055513650179
1.794975996017456,0.0004526437260210514
1.797471523284912,0.0005864189006388187
1.7999684810638428,0.0010369112715125084
1.8024661540985107,0.0007410277612507343
1.8049631118774414,0.00038262689486145973
1.8074595928192139,0.0004510022699832916
1.8099563121795654,0.0005433754995465279
1.8124496936798096,0.0004258914850652218
1.8149449825286865,0.0007538590580224991
1.8174471855163574,0.0010461756028234959
1.819974660873413,0.000577667960897088
1.8224339485168457,0.0003898097202181816
1.8249361515045166,0.0005222274921834469
1.8274304866790771,0.0005380029324442148
1.829925775527954,0.0004569091834127903
1.832423448562622,0.0009600294288247824
1.8349204063415527,0.0009821029379963875
1.8374152183532715,0.0004628254100680351
1.8399128913879395,0.00042163068428635597
1.842406988143921,0.0005528843030333519
1.8449044227600098,0.0004917592741549015
1.8474047183990479,0.0005763815715909004
1.8498973846435547,0.0010716752149164677
1.8523967266082764,0.0007957848720252514
1.8548905849456787,0.0003921985626220703
1.857391595840454,0.00045990687794983387
1.8598833084106445,0.0005801301449537277
1.8623814582824707,0.000448077917098999
1.8648738861083984,0.000754394568502903
1.867375135421753,0.0010985718108713627
1.8698716163635254,0.0006249395664781332
1.8723680973052979,0.0003963243216276169
1.8748607635498047,0.0005099154077470303
1.8773601055145264,0.0005469098687171936
1.8798561096191406,0.0004607567097991705
1.882350206375122,0.000933338887989521
1.8848509788513184,0.000960200559347868
1.8873465061187744,0.000462548341602087
1.8898439407348633,0.00041471212171018124
1.892341136932373,0.0005380378570407629
1.8948376178741455,0.00048795598559081554
1.8973362445831299,0.000558153260499239
1.8998265266418457,0.0010598148219287395
1.9023256301879883,0.0008245022036135197
1.9048211574554443,0.00039061647839844227
1.907320261001587,0.0004447624087333679
1.9098155498504639,0.0005635281559079885
1.91231107711792,0.00044103595428168774
1.9148061275482178,0.0007446284871548414
1.917304277420044,0.0010787486098706722
1.9197988510131836,0.0006158347241580486
1.9222965240478516,0.000384538434445858
1.9247934818267822,0.0005025183781981468
1.9272916316986084,0.0005506386514753103
1.9297869205474854,0.000450619263574481
1.9322841167449951,0.0009256356861442327
1.9347763061523438,0.001003551296889782
1.9372811317443848,0.0004746997728943825
1.9397740364074707,0.0004134420305490494
1.9422664642333984,0.0005538342520594597
1.9447636604309082,0.0005071400664746761
1.9472627639770508,0.0005360087379813194
1.9497575759887695,0.0010228517930954695
1.9522533416748047,0.0008127663750201464
1.9547529220581055,0.00038643251173198223
1.9572479724884033,0.00044165528379380703
1.9597420692443848,0.0005696446169167757
1.962242841720581,0.00044042011722922325
1.9647364616394043,0.0007159647066146135
1.9672386646270752,0.0010811991523951292
1.9697299003601074,0.0006426579784601927
1.9722251892089844,0.00038311700336635113
1.9747252464294434,0.0004696939140558243
1.9772191047668457,0.0005323952063918114
1.9797148704528809,0.0004438520409166813
1.9822118282318115,0.0009067240171134472
1.984705924987793,0.0010191637556999922
1.987210988998413,0.0004976417403668165
1.9896984100341797,0.00040158978663384914
1.992197036743164,0.0005288340616971254
1.9946928024291992,0.0005060411058366299
1.9971938133239746,0.0005323742516338825
1.9997189044952393,0.0010130682494491339
2.0021934509277344,0.0008150155190378428
2.004682779312134,0.0003993359860032797
2.007178544998169,0.00044026062823832035
2.0096709728240967,0.0005413894541561604
2.0121705532073975,0.00043945619836449623
2.0146665573120117,0.0006905070040374994
2.017167568206787,0.0010527821723371744
2.0196609497070312,0.0006421015132218599
2.0221903324127197,0.000381439458578825
2.0246548652648926,0.0004972494207322598
2.0271522998809814,0.0005663069896399975
2.0296456813812256,0.00044001033529639244
2.032141923904419,0.0008691952098160982
2.0346388816833496,0.0009975861757993698
2.037139415740967,0.0005012704059481621
2.039628505706787,0.00040690647438168526
2.042127847671509,0.0005390320438891649
2.0446252822875977,0.0005061633419245481
2.0471222400665283,0.0005182437598705292
2.049616813659668,0.0010240578558295965
2.0521132946014404,0.000866082264110446
2.0546083450317383,0.0004063884261995554
2.0571107864379883,0.00041664810851216316
2.0596020221710205,0.0005318270996212959
2.062098503112793,0.0004397204611450434
2.06459379196167,0.0006600504275411367
2.067112684249878,0.0010662537533789873
2.0695927143096924,0.0006819434929639101
2.072082757949829,0.00038262223824858665
2.0745880603790283,0.0004770164377987385
2.0770862102508545,0.0005400192458182573
2.0795693397521973,0.00043637119233608246
2.0820705890655518,0.000858864514157176
2.0845701694488525,0.0010312674567103386
2.087073564529419,0.000527786323800683
2.08955454826355,0.00039828824810683727
2.09205961227417,0.0005216267891228199
2.0945544242858887,0.000505734933540225
2.097062826156616,0.0005034194327890873
2.0995516777038574,0.0010497693438082933
2.102046251296997,0.000914295669645071
2.1045403480529785,0.0004133197944611311
2.107046604156494,0.00041310093365609646
2.1095263957977295,0.000539455795660615
2.1120262145996094,0.00045427819713950157
2.1145267486572266,0.0006649561692029238
2.1170334815979004,0.0011040607932955027
2.1195175647735596,0.0006989540997892618
2.122019052505493,0.0003798329271376133
2.124514579772949,0.00045388238504529
2.1270217895507812,0.0005576922558248043
2.1295087337493896,0.0004388194065541029
2.132002592086792,0.000851162476465106
2.13450288772583,0.001048544654622674
2.137005567550659,0.0005256303120404482
2.1394894123077393,0.0003941578324884176
2.1419968605041504,0.0005054904613643885
2.144484758377075,0.0005075917579233646
2.1469926834106445,0.0005014159251004457
2.1494808197021484,0.0010518496856093407
2.1519739627838135,0.0009571027476340532
2.154470443725586,0.00042860163375735283
2.1569764614105225,0.0004132057074457407
2.1594629287719727,0.0005141738802194595
2.1619625091552734,0.0004469160921871662
2.164454698562622,0.0006529118400067091
2.167039155960083,0.0011729507241398096
2.1694536209106445,0.0007719569839537144
2.171948194503784,0.0003789749462157488
2.174443483352661,0.00044307089410722256
2.1769838333129883,0.000565613154321909
2.179434299468994,0.00044160056859254837
2.1819331645965576,0.0008362217340618372
2.184429168701172,0.0011117395479232073
2.186966896057129,0.0005688727833330631
2.189420461654663,0.000390433706343174
2.1919217109680176,0.0004857592284679413
2.1944143772125244,0.0005092413630336523
2.196950674057007,0.00048306770622730255
2.1994059085845947,0.001026286045089364
2.20190167427063,0.000988437095656991
2.2043981552124023,0.0004330510273575783
2.2069344520568848,0.00041030230931937695
2.2093937397003174,0.0005474616773426533
2.2118921279907227,0.00047868932597339153
2.2143850326538086,0.0006293074693530798
2.216921091079712,0.001161645632237196
2.2193820476531982,0.0007895752787590027
2.221876621246338,0.00038394355215132236
2.2244040966033936,0.00045377761125564575
2.22690749168396,0.0005594000685960054
2.2293272018432617,0.00043742009438574314
2.231823682785034,0.0008308305405080318
2.23431658744812,0.001143700210377574
2.2368860244750977,0.0005852221511304379
2.239354133605957,0.00037706922739744186
2.2418477535247803,0.0004836742300540209
2.24434494972229,0.0005253718700259924
2.2468767166137695,0.00047539942897856236
2.249342441558838,0.001011957647278905
2.251833438873291,0.0010078377090394497
2.25433087348938,0.00044869142584502697
2.2568519115448,0.0004023779183626175
2.2593259811401367,0.0005103892181068659
2.261817216873169,0.0004463887307792902
2.2643144130706787,0.00060240738093853
2.2668442726135254,0.0011226267088204622
2.269317865371704,0.0008157314732670784
2.2718005180358887,0.00039611244574189186
2.274303436279297,0.00046482193283736706
2.2768266201019287,0.000571901910007
2.27929949760437,0.00043808016926050186
2.281790018081665,0.0007651571650058031
2.2842864990234375,0.0010566366836428642
2.286783218383789,0.0005824398249387741
2.28928279876709,0.0003779632970690727
2.2917771339416504,0.00048303278163075447
2.294273614883423,0.0005181715823709965
2.296769618988037,0.00046158325858414173
2.299272060394287,0.0009755278006196022
2.3017630577087402,0.0009936641436070204
2.3042547702789307,0.00044884392991662025
2.3067538738250732,0.0004130951128900051
2.309250593185425,0.00053399708122015
2.3117499351501465,0.0004558684304356575
2.3142459392547607,0.0005746493116021156
2.316743850708008,0.0010819488670676947
2.3192403316497803,0.0008050038013607264
2.3217337131500244,0.00038223108276724815
2.3242313861846924,0.0004359905142337084
2.326761484146118,0.0005440611857920885
2.329223394393921,0.000433529494330287
2.3317179679870605,0.000789520563557744
2.3342177867889404,0.0011387304402887821
2.3367109298706055,0.0006192538421601057
2.3392112255096436,0.0003880588337779045
2.341705799102783,0.0004901119973510504
2.3441998958587646,0.0005179469007998705
2.3466992378234863,0.00044889748096466064
2.349195957183838,0.0009174062870442867
2.351691722869873,0.0009570235852152109
2.35418701171875,0.0004648161120712757
2.356684684753418,0.00044176820665597916
2.3591809272766113,0.000542433699592948
2.36167573928833,0.0004597660154104233
2.3641722202301025,0.000564861111342907
2.3666701316833496,0.0010462047066539526
2.3691694736480713,0.0007855670992285013
2.3716635704040527,0.00039490289054811
2.374160051345825,0.00045915599912405014
2.376655340194702,0.0005529134068638086
2.3791558742523193,0.00043163076043128967
2.381648302078247,0.0007322872988879681
2.384143829345703,0.0010396621655672789
2.386641502380371,0.0006092374678701162
2.3891420364379883,0.00038764323107898235
2.3916358947753906,0.0004879315383732319
2.3941283226013184,0.0005232333205640316
2.39663028717041,0.00044750748202204704
2.399123430252075,0.0008928263559937477
2.4016213417053223,0.0009268661960959435
2.4041173458099365,0.00046265660785138607
2.406611680984497,0.0004368065856397152
2.4091103076934814,0.0005698122549802065
2.4116063117980957,0.0005072960630059242
2.4141123294830322,0.0005500204861164093
2.4165992736816406,0.0010042008943855762
2.4190971851348877,0.0007767335046082735
2.4215917587280273,0.000392301008105278
2.424089193344116,0.00045181717723608017
2.4265830516815186,0.0005394639447331429
2.4290881156921387,0.00042618135921657085
2.431584119796753,0.0007092871237546206
2.434072971343994,0.0010308227501809597
2.4365713596343994,0.0006180268246680498
2.4390668869018555,0.00038672471418976784
2.4415667057037354,0.0005044962745159864
2.4440603256225586,0.0005623162724077702
2.4465577602386475,0.0004524760879576206
2.4490585327148438,0.0008874433115124702
2.4515509605407715,0.0009518361184746027
2.4540457725524902,0.00047301873564720154
2.456540584564209,0.00042032916098833084
2.4590470790863037,0.000558594474568963
2.461533784866333,0.0005043554119765759
2.4640328884124756,0.0005414930637925863
2.4665305614471436,0.0009986653458327055
2.469028949737549,0.0007851433474570513
2.471519947052002,0.00039358390495181084
2.474043130874634,0.00044352258555591106
2.476670742034912,0.0005582673475146294
2.4791111946105957,0.0004519673530012369
2.4814858436584473,0.000689096050336957
2.483966112136841,0.0010056339669972658
2.486462354660034,0.0006226229015737772
2.4889602661132812,0.00038128811866045
2.4914543628692627,0.0004822260234504938
2.4939486980438232,0.0005526375025510788
2.4964447021484375,0.0004372512921690941
2.498945951461792,0.0008455512579530478
2.501483201980591,0.0009452039375901222
2.5039756298065186,0.00048521673306822777
2.50650954246521,0.0004127342253923416
2.5089871883392334,0.0005491776391863823
2.5114693641662598,0.0005193299148231745
2.5139620304107666,0.0005327397957444191
2.516458749771118,0.0010061787907034159
2.518967390060425,0.0008352042641490698
2.521458387374878,0.0004162359982728958
2.5239498615264893,0.0004682643339037895
2.5264453887939453,0.0005911849439144135
2.528977632522583,0.0004654552321881056
2.531433343887329,0.0006795814260840416
2.533942461013794,0.001024686498567462
2.536433219909668,0.0006468140054494143
2.538931131362915,0.00038818572647869587
2.5414257049560547,0.0004964775871485472
2.5439186096191406,0.0005557783879339695
2.546417236328125,0.0004372396506369114
2.5489189624786377,0.0008567399345338345
2.5514092445373535,0.0009714916814118624
2.553907632827759,0.0004923646338284016
2.556403636932373,0.00041625811718404293
2.5589029788970947,0.0005386571865528822
2.561398506164551,0.000517918961122632
2.5638883113861084,0.0005130225326865911
2.5663909912109375,0.000980484765022993
2.5688884258270264,0.0008374394383281469
2.5713822841644287,0.00041627325117588043
2.573889970779419,0.00045711640268564224
2.576374053955078,0.0005677377339452505
2.5788726806640625,0.00045601860620081425
2.5813701152801514,0.0006699480582028627
2.583864212036133,0.0010544888209551573
2.5863592624664307,0.0006802496500313282
2.5888619422912598,0.0003894651308655739
2.591353416442871,0.0004911574069410563
2.593853235244751,0.0005637190770357847
2.596344232559204,0.00043989624828100204
2.5988450050354004,0.0008459074888378382
2.6013410091400146,0.0009914836846292019
2.603839159011841,0.0005104497540742159
2.606332302093506,0.0004135561175644398
2.6088356971740723,0.0005429738666862249
2.6113271713256836,0.0005276303272694349
2.6138229370117188,0.0005088187754154205
2.6163177490234375,0.0010036607272922993
2.6188223361968994,0.0008828763384371996
2.6213090419769287,0.00042750616557896137
2.6238083839416504,0.00045906752347946167
2.6263070106506348,0.0005880766548216343
2.6288046836853027,0.00047152512706816196
2.631258487701416,0.0006406009197235107
2.6337530612945557,0.0010489777196198702
2.636248826980591,0.0007015001028776169
2.6387908458709717,0.0003895594272762537
2.6412832736968994,0.00048062647692859173
2.6437792778015137,0.0005478318780660629
2.646275758743286,0.000432825181633234
2.648775815963745,0.0008226325735449791
2.651271343231201,0.0009987375233322382
2.6537680625915527,0.0005253590643405914
2.656263589859009,0.00040983431972563267
2.658764123916626,0.0005448621232062578
2.6612536907196045,0.0005524512380361557
2.66375470161438,0.0004966137930750847
2.666259527206421,0.0009813718497753143
2.6687488555908203,0.000869816867634654
2.6712429523468018,0.0004172115586698055
2.673738956451416,0.0004344107583165169
2.6762378215789795,0.0005565898027271032
2.678736448287964,0.000460698502138257
2.6812267303466797,0.0006342004053294659
2.6837258338928223,0.0010597333312034607
2.686223268508911,0.0007192906923592091
2.6887199878692627,0.0003882788587361574
2.6912167072296143,0.0004763354081660509
2.6937127113342285,0.0005610671360045671
2.6962077617645264,0.0004388391971588135
2.6987106800079346,0.0008287571836262941
2.7012016773223877,0.0010684598237276077
2.7036986351013184,0.0005536118987947702
2.706197500228882,0.00039490871131420135
2.708688259124756,0.0005193008109927177
2.7111852169036865,0.0005136686377227306
2.7136826515197754,0.0004815240390598774
2.716177225112915,0.0009996176231652498
2.7186801433563232,0.0009484810288995504
2.7211737632751465,0.0004425446968525648
2.7236714363098145,0.0004336156416684389
2.7261695861816406,0.0005388737190514803
2.7286641597747803,0.00044983113184571266
2.7311930656433105,0.0005906447768211365
2.7336556911468506,0.0010134861804544926
2.7361502647399902,0.0007224571891129017
2.7386505603790283,0.0003915571141988039
2.741144895553589,0.00048414338380098343
2.743642807006836,0.0005641905590891838
2.746135711669922,0.0004328647628426552
2.7486379146575928,0.0007959979120641947
2.7511305809020996,0.0010422850027680397
2.753629207611084,0.0005679519381374121
2.7561237812042236,0.0004041206557303667
2.7586236000061035,0.0005299504846334457
2.7611169815063477,0.0005322124343365431
2.7636122703552246,0.0004750292282551527
2.766108989715576,0.0009593495633453131
2.76857852935791,0.0009314389899373055
2.7710556983947754,0.000446992926299572
2.773559808731079,0.0004282500594854355
2.776057004928589,0.0005513022188097239
2.7785983085632324,0.0004698859993368387
2.781090497970581,0.0006058614235371351
2.783583641052246,0.0010754447430372238
2.7860820293426514,0.0007682875730097294
2.7885794639587402,0.0003992777783423662
2.7910749912261963,0.0004678894765675068
2.793571949005127,0.0005364196840673685
2.796067476272583,0.0004278135020285845
2.798567771911621,0.0007769069634377956
2.801058292388916,0.0010295945685356855
2.803554058074951,0.000564891379326582
2.8060524463653564,0.0003858143463730812
2.8085553646087646,0.0005095906089991331
2.811049222946167,0.0005477212835103273
2.8135435581207275,0.0004699698183685541
2.8160400390625,0.000942479819059372
2.818544864654541,0.0009251583833247423
2.8210322856903076,0.00044884392991662025
2.8235297203063965,0.0004403945058584213
2.8260273933410645,0.0005672802217304707
2.828524351119995,0.00048699090257287025
2.831019639968872,0.0005756400059908628
2.833516836166382,0.0010201067198067904
2.8360183238983154,0.0007391127292066813
2.838508367538452,0.00038531492464244366
2.841003179550171,0.00045323395170271397
2.843513011932373,0.0005738181062042713
2.845998525619507,0.00044850166887044907
2.848501205444336,0.0007713900413364172
2.8509931564331055,0.001080256188288331
2.853487014770508,0.0005959358531981707
2.8559820652008057,0.0003964337520301342
2.8584868907928467,0.0005233811680227518
2.860978841781616,0.0005428213626146317
2.8634769916534424,0.0004593853373080492
2.865969181060791,0.000934855779632926
2.8684744834899902,0.000972358975559473
2.870965003967285,0.0004634307697415352
2.8734612464904785,0.0004058447666466236
2.875953435897827,0.0005157885607331991
2.8784589767456055,0.0004672387149184942
2.880946397781372,0.0005691219121217728
2.883449077606201,0.00107688014395535
2.88594126701355,0.0008068629540503025
2.888446569442749,0.0003905687481164932
2.890937566757202,0.00045196968130767345
2.8934342861175537,0.000569875119253993
2.8959319591522217,0.00044165761210024357
2.898444414138794,0.0007293431553989649
2.9009251594543457,0.0010476645547896624
2.903416156768799,0.0006052537355571985
2.905912160873413,0.00040158978663384914
2.908449649810791,0.0005263439379632473
2.9109039306640625,0.0005687389057129622
2.913404703140259,0.00045797787606716156
2.915900707244873,0.0009259441867470741
2.9184365272521973,0.0009641202632337809
2.920896291732788,0.0004675134550780058
2.9233906269073486,0.0004109577275812626
2.92588472366333,0.00056043965741992
2.9284234046936035,0.0005164905451238155
2.9308784008026123,0.0005577714182436466
2.9334099292755127,0.0010452442802488804
2.9358696937561035,0.0008118478581309319
2.9383723735809326,0.00039592734538018703
2.9408650398254395,0.00044671003706753254
2.9433605670928955,0.0005451426841318607
2.9458603858947754,0.00043801264837384224
2.9483578205108643,0.0007167074363678694
2.950852870941162,0.0010321929585188627
2.9533474445343018,0.0005975738167762756
2.9558441638946533,0.000391172943636775
2.958340883255005,0.0005124881863594055
2.960839033126831,0.0005460286047309637
2.9633326530456543,0.00044388463720679283
2.9658315181732178,0.0008914968930184841
2.9683315753936768,0.0009593868162482977
2.9708220958709717,0.0004707451444119215
2.9733219146728516,0.00041942112147808075
2.9758169651031494,0.0005322403740137815
2.9783143997192383,0.0004909629933536053
2.9808108806610107,0.0005340890493243933
2.983307361602783,0.0010346807539463043
2.9858012199401855,0.0008333101868629456
2.988304615020752,0.00040942919440567493
2.9907922744750977,0.0004741211887449026
2.993295431137085,0.0005770532879978418
2.9957878589630127,0.0004499161150306463
2.9982903003692627,0.0006891065277159214
3.0007784366607666,0.0010538427159190178
3.003277540206909,0.0006483402103185654
3.0057735443115234,0.00039637903682887554
3.008275270462036,0.0005207804497331381
3.0108041763305664,0.0005941721610724926
3.013272285461426,0.00045020831748843193
3.0157649517059326,0.0008666154462844133
3.0182623863220215,0.0009754847269505262
3.0207550525665283,0.0004898593761026859
3.0232512950897217,0.00041239080019295216
3.025747299194336,0.0005210295785218477
3.0282487869262695,0.0004907872062176466
3.0307376384735107,0.0005111726932227612
3.033238649368286,0.0009801832493394613
3.035735845565796,0.000830312492325902
3.0382349491119385,0.00040887389332056046
3.0407261848449707,0.0004599371459335089
3.0432236194610596,0.0005893292836844921
3.0457210540771484,0.000472895335406065
3.048233985900879,0.0007020682096481323
3.0507099628448486,0.001098603243008256
3.053209066390991,0.0006766477599740028
3.05570125579834,0.00038676895201206207
3.058218479156494,0.0004838372115045786
3.060701847076416,0.000546799274161458
3.0631930828094482,0.00043814885430037975
3.0656893253326416,0.0008570030331611633
3.0681917667388916,0.001005872618407011
3.070681095123291,0.0005122204311192036
3.0731804370880127,0.00039304723031818867
3.075676202774048,0.0005000585224479437
3.0781803131103516,0.00048429821617901325
3.080667018890381,0.0005042692646384239
3.083167552947998,0.001008050749078393
3.085663318634033,0.0008579879067838192
3.0881619453430176,0.0004109879955649376
3.0906612873077393,0.00043475418351590633
3.0931551456451416,0.000560845946893096
3.0956499576568604,0.00045322231017053127
3.0981643199920654,0.000656533520668745
3.100642204284668,0.0010655098594725132
3.1031360626220703,0.0006805825978517532
3.1056337356567383,0.0003866234328597784
3.1081368923187256,0.00048059853725135326
3.1106271743774414,0.0005562393926084042
3.1131253242492676,0.00043695676140487194
3.1156222820281982,0.0008371705189347267
3.1181230545043945,0.001013297587633133
3.120612859725952,0.0005255092401057482
3.123110294342041,0.00040305196307599545
3.1256093978881836,0.0005158002022653818
3.1281023025512695,0.0005093251820653677
3.130603313446045,0.0004973087925463915
3.1330959796905518,0.000994293950498104
3.135637044906616,0.0008740450721234083
3.1380972862243652,0.00041738501749932766
3.140582799911499,0.00043288804590702057
3.1430842876434326,0.0005487166345119476
3.145577907562256,0.00045542255975306034
3.148078203201294,0.0006317312363535166
3.150575876235962,0.0010592490434646606
3.1530723571777344,0.0007050309795886278
3.1555662155151367,0.00038524274714291096
3.158069133758545,0.00046132365241646767
3.1605582237243652,0.0005415768828243017
3.1630537509918213,0.0004312582314014435
3.165553092956543,0.0008152634836733341
3.1680517196655273,0.0010437367018312216
3.1705451011657715,0.0005486502777785063
3.173038959503174,0.00040543265640735626
3.175537586212158,0.0005179026629775763
3.178037405014038,0.000517002772539854
3.1805319786071777,0.0004894926678389311
3.1830270290374756,0.001000111224129796
3.1855249404907227,0.0009227811824530363
3.1880223751068115,0.00043082982301712036
3.190516233444214,0.00041575171053409576
3.1930131912231445,0.0005318073090165854
3.195511817932129,0.0004621571861207485
3.1980106830596924,0.0006188545376062393
3.200498580932617,0.0010597659274935722
3.20300030708313,0.0007123337127268314
3.2054977416992188,0.00038355239666998386
3.2079944610595703,0.0004727276973426342
3.2104909420013428,0.0005569728091359138
3.2129828929901123,0.000431697117164731
3.2154808044433594,0.0007913506124168634
3.21797776222229,0.0009898166172206402
3.220475673675537,0.000529938843101263
3.2229697704315186,0.0004041660577058792
3.2254650592803955,0.0005163822788745165
3.2279655933380127,0.0005049060564488173
3.230458974838257,0.000470851082354784
3.2329559326171875,0.0009483261965215206
3.235452651977539,0.0009281991515308619
3.2379872798919678,0.0004442012868821621
3.240447998046875,0.000417390838265419
3.242941379547119,0.0005427713040262461
3.245436906814575,0.00047087552957236767
3.247938632965088,0.000589652918279171
3.2504332065582275,0.0010229845065623522
3.2529265880584717,0.0007220834959298372
3.2554240226745605,0.00038088648580014706
3.2579238414764404,0.000448860228061676
3.2604165077209473,0.0005228153895586729
3.2629127502441406,0.00041891937144100666
3.265414237976074,0.0007762096356600523
3.267918348312378,0.001049115089699626
3.270407199859619,0.0005738856270909309
3.2728989124298096,0.00039906357415020466
3.2753939628601074,0.0005205546040087938
3.277899742126465,0.0005160074215382338
3.2803874015808105,0.0004539813380688429
3.2828869819641113,0.0009175657760351896
3.2853810787200928,0.0009139813482761383
3.287881851196289,0.00044481013901531696
3.290374517440796,0.0004209717735648155
3.2928760051727295,0.0005422404501587152
3.295365333557129,0.0004884647205471992
3.2978644371032715,0.0005936739034950733
3.3003652095794678,0.0010626832954585552
3.30285906791687,0.0007597543299198151
3.3053534030914307,0.00038903672248125076
3.3078558444976807,0.00046559027396142483
3.31034779548645,0.0005543534643948078
3.312845230102539,0.00042802770622074604
3.3153417110443115,0.0007521035149693489
3.3178446292877197,0.0010582257527858019
3.32033371925354,0.0005897809751331806
3.3228302001953125,0.0003811006899923086
3.3253257274627686,0.0004960282240062952
3.3278276920318604,0.000555296428501606
3.3303186893463135,0.000466727651655674
3.3328170776367188,0.0009469105862081051
3.3353114128112793,0.0009596277959644794
3.337808609008789,0.00045674736611545086
3.3403050899505615,0.0004333700053393841
3.342802047729492,0.0005498412065207958
3.345318555831909,0.0004765985067933798
3.347803831100464,0.0005734653677791357
3.3502895832061768,0.0010519556235522032
3.3527894020080566,0.0007568008732050657
3.3552863597869873,0.0003788748290389776
3.3577845096588135,0.00044397194869816303
3.360278844833374,0.0005246966611593962
3.3627781867980957,0.00042253173887729645
3.365269660949707,0.0007330451626330614
3.367771863937378,0.0010522990487515926
3.370267391204834,0.0006021326407790184
3.3727598190307617,0.0003902276512235403
3.3752574920654297,0.0005008012522011995
3.377758026123047,0.0005368422716856003
3.3802525997161865,0.0004534074105322361
3.3827476501464844,0.0009186007082462311
3.3852431774139404,0.0009481969755142927
3.387744188308716,0.0004608707968145609
3.3902359008789062,0.0003983255010098219
3.392732620239258,0.0005442718975245953
3.3952295780181885,0.0005053298082202673
3.397728443145752,0.0005451578181236982
3.40022611618042,0.0010066782124340534
3.402717113494873,0.0007722980808466673
3.405212640762329,0.00038970145396888256
3.407719612121582,0.0004534225445240736
3.4102063179016113,0.000545623479411006
3.412705421447754,0.00043308711610734463
3.415201187133789,0.0007449067197740078
3.4177021980285645,0.0010976230259984732
3.420193910598755,0.0006311363540589809
3.42268967628479,0.00038566417060792446
3.425184488296509,0.0005045253783464432
3.4276859760284424,0.0005634396802634001
3.430176019668579,0.0004501757211983204
3.43267822265625,0.0009100721217691898
3.4351742267608643,0.0009858084376901388
3.437671422958374,0.00047527370043098927
3.4402027130126953,0.0004228227771818638
3.4426639080047607,0.0005480856634676456
3.445164680480957,0.0005196512211114168
3.447660207748413,0.000539157772436738
3.4501523971557617,0.0010163907427340746
3.4526476860046387,0.0008068012539297342
3.4551470279693604,0.0004013779107481241
3.457643747329712,0.0004543724935501814
3.460139036178589,0.0005754502490162849
3.462637424468994,0.0004529848229140043
3.4651341438293457,0.0007065816316753626
3.467636823654175,0.0010803516488522291
3.4701225757598877,0.0006496056448668242
3.4726240634918213,0.000384659506380558
3.4751193523406982,0.0004916917532682419
3.477618455886841,0.0005487340968102217
3.480112075805664,0.0004455156158655882
3.482605218887329,0.00089063192717731
3.4851036071777344,0.0009933265391737223
3.4876034259796143,0.000496995635330677
3.4900968074798584,0.0004258460830897093
3.4925923347473145,0.0005551031790673733
3.495089292526245,0.0005043635610491037
3.497589111328125,0.0005252729170024395
3.5000834465026855,0.0010055280290544033
3.5025792121887207,0.0008361658547073603
3.505075216293335,0.0004028261173516512
3.5075719356536865,0.00044154352508485317
3.510070562362671,0.0005633221007883549
3.512565851211548,0.00044824089854955673
3.515094757080078,0.0006808305624872446
3.517578601837158,0.0010626227594912052
3.5200581550598145,0.0006572017446160316
3.5225515365600586,0.00037599937058985233
3.525048017501831,0.00047552050091326237
3.5275495052337646,0.0005572033114731312
3.5300426483154297,0.00044134329073131084
3.532536745071411,0.0008626363705843687
3.535036087036133,0.000989093678072095
3.5375351905822754,0.0005116139072924852
3.540029525756836,0.0004073604941368103
3.5425233840942383,0.0005137873813509941
3.5450193881988525,0.0004971190355718136
3.5475146770477295,0.0005174160469323397
3.550014019012451,0.0010022555943578482
3.552510976791382,0.0008383719250559807
3.555001735687256,0.0004071975126862526
3.5575151443481445,0.0004420673940330744
3.560002565383911,0.0005576398689299822
3.562493085861206,0.00044440501369535923
3.564993143081665,0.0006593950092792511
3.567490339279175,0.001044110395014286
3.5699851512908936,0.000666098203510046
3.572479724884033,0.00038327882066369057
3.574977159500122,0.00047100475057959557
3.5774800777435303,0.0005428073927760124
3.5799710750579834,0.00043227802962064743
3.582468032836914,0.0008404883556067944
3.5849640369415283,0.0010071869473904371
3.587461471557617,0.0005093996878713369
3.589958429336548,0.00041175633668899536
3.592454433441162,0.0005102972500026226
3.594949245452881,0.000496122520416975
3.5974485874176025,0.0005046708974987268
3.599943161010742,0.001022728392854333
3.6024396419525146,0.0008955900557339191
3.604938507080078,0.00041327904909849167
3.6074349880218506,0.0004263129085302353
3.609928607940674,0.00056116608902812
3.612423896789551,0.0004614866338670254
3.6149189472198486,0.0006384390871971846
3.6174230575561523,0.0010684935841709375
3.6199092864990234,0.0006998691242188215
3.622410297393799,0.000378777040168643
3.624907970428467,0.00046361587010324
3.627410888671875,0.0005328271072357893
3.629896640777588,0.0004287203773856163
3.6324002742767334,0.0008459144737571478
3.634891986846924,0.001041940413415432
3.637394666671753,0.0005340017378330231
3.639885663986206,0.0004118529614061117
3.6424190998077393,0.0005214591510593891
3.644878387451172,0.0005065358709543943
3.6473779678344727,0.0004877336323261261
3.649876594543457,0.0009979389142245054
3.652369737625122,0.0008995027747005224
3.654867172241211,0.0004162476398050785
3.6573715209960938,0.00041362945921719074
3.6598594188690186,0.0005493557546287775
3.6623551845550537,0.0004681351128965616
3.6648497581481934,0.0006275076884776354
3.6673519611358643,0.0010773458052426577
3.6698453426361084,0.0007249298505485058
3.672342538833618,0.0003824313171207905
3.6748435497283936,0.00044851331040263176
3.6773366928100586,0.0005290110129863024
3.6798317432403564,0.00042413128539919853
3.682328462600708,0.0008317292667925358
3.6848247051239014,0.0010557915084064007
3.6873226165771484,0.0005453580524772406
3.6898162364959717,0.0003892893437296152
3.6923153400421143,0.0004969071596860886
3.6948208808898926,0.0005127431359142065
3.697315216064453,0.0004884880036115646
3.699803352355957,0.0010066234972327948
3.702298402786255,0.0009474251419305801
3.704796075820923,0.00044208718463778496
3.707298755645752,0.000419811112806201
3.709787130355835,0.0005310238339006901
3.712289571762085,0.00046378234401345253
3.71478271484375,0.0006231875158846378
3.7172844409942627,0.0010937219485640526
3.7197742462158203,0.0007433479186147451
3.7222750186920166,0.00038994126953184605
3.7247676849365234,0.00046427943743765354
3.727268695831299,0.0005096872337162495
3.7297627925872803,0.00042001367546617985
3.7322585582733154,0.000809358898550272
3.734757423400879,0.0010644900612533092
3.737255096435547,0.0005709717515856028
3.7397499084472656,0.00039818580262362957
3.7422451972961426,0.0005221599712967873
3.7447445392608643,0.0005321111530065536
3.747241973876953,0.00047045061364769936
3.7497341632843018,0.0009569164831191301
3.752230644226074,0.0009236775804311037
3.754725933074951,0.0004360056482255459
3.757230043411255,0.0004117249045521021
3.759721517562866,0.0005387444980442524
3.762216091156006,0.0004722992889583111
3.76471209526062,0.0006034260150045156
3.767214059829712,0.0010580848902463913
3.769710063934326,0.0007304875180125237
3.772205352783203,0.00039332429878413677
3.7746996879577637,0.0004827079828828573
3.777198553085327,0.0005506561137735844
3.779691696166992,0.00043352367356419563
3.782193422317505,0.0007735006511211395
3.7846879959106445,0.0010457332246005535
3.7871882915496826,0.000573095167055726
3.7896780967712402,0.0003826804459095001
3.7921743392944336,0.0005014438647776842
3.794673442840576,0.0005504465661942959
3.797173023223877,0.0004662713035941124
3.7996654510498047,0.0009340187534689903
3.8021624088287354,0.0009388930629938841
3.804657459259033,0.0004489673301577568
3.8071579933166504,0.00041783787310123444
3.8096506595611572,0.0005320901982486248
3.812150716781616,0.00047299196012318134
3.8146438598632812,0.0005711894482374191
3.817147970199585,0.0010545994155108929
3.819638252258301,0.0007880688644945621
3.822138786315918,0.0003879063297063112
3.824643611907959,0.00046093715354800224
3.827132225036621,0.0005437643267214298
3.8296215534210205,0.0004192150663584471
3.832120895385742,0.0007480720523744822
3.8346147537231445,0.001064069801941514
3.8371150493621826,0.0005934282671660185
3.839611768722534,0.0003854499664157629
3.8421061038970947,0.0004894658923149109
3.844639539718628,0.0005246920045465231
3.847104072570801,0.0004608137533068657
3.8495945930480957,0.0009499909356236458
3.8520925045013428,0.0009825883898884058
3.8545923233032227,0.00046488596126437187
3.8570921421051025,0.00040790997445583344
3.8595778942108154,0.0005478784441947937
3.862078905105591,0.000500781461596489
3.8645756244659424,0.000565237132832408
3.8670825958251953,0.0010557519271969795
3.869565010070801,0.0008042447734624147
3.8720662593841553,0.00039482489228248596
3.8745617866516113,0.0004446413367986679
3.8770689964294434,0.0005795864854007959
3.8795580863952637,0.0004492292646318674
3.8820509910583496,0.0007292488589882851
3.884549140930176,0.001061147777363658
3.887054443359375,0.0006110360845923424
3.8895316123962402,0.0003863568417727947
3.892035722732544,0.0005101109854876995
3.894533157348633,0.0005895528011023998
3.8970398902893066,0.00046362285502254963
3.899519443511963,0.0009196728933602571
3.9020230770111084,0.0009692506864666939
3.904522180557251,0.00046871136873960495
3.907027244567871,0.00043149921111762524
3.909506320953369,0.0005769950803369284
3.912008762359619,0.0005139922723174095
3.9145073890686035,0.0005468842573463917
3.917015790939331,0.0010287819895893335
3.9194891452789307,0.0007952610030770302
3.921992778778076,0.0004027201794087887
3.9245007038116455,0.00048372079618275166
3.9270002841949463,0.0005437945947051048
3.929476499557495,0.00042488682083785534
3.93198299407959,0.0007317354902625084
3.934476613998413,0.0010843039490282536
3.936983585357666,0.0006230571307241917
3.939464569091797,0.00039055244997143745
3.9419658184051514,0.0004964740946888924
3.9444687366485596,0.00053596799261868
3.9470133781433105,0.0004455947782844305
3.949458599090576,0.0008996599353849888
3.9519541263580322,0.0009834242518991232
3.9544472694396973,0.0004856113810092211
3.9569876194000244,0.0004243862349539995
3.959444999694824,0.0005431368481367826
3.9619407653808594,0.0004982238169759512
3.9644341468811035,0.0005296699237078428
3.9669642448425293,0.0010186887811869383
3.9694302082061768,0.0008265371434390545
3.971925973892212,0.00040759798139333725
3.974423885345459,0.0004606111906468868
3.9771745204925537,0.0005815480835735798
3.979544162750244,0.0004551280289888382
3.981895685195923,0.0006833858788013458
3.9843697547912598,0.0010490254499018192
3.986910820007324,0.0006405462045222521
3.9894051551818848,0.00037481077015399933
3.9918930530548096,0.00047507812269032
3.9943952560424805,0.0005512242205440998
3.9969215393066406,0.0004398857709020376
3.9993908405303955,0.0008676294237375259
4.001883506774902,0.0009769003372639418
4.004381418228149,0.000488930381834507
4.00691032409668,0.00040349666960537434
4.009376525878906,0.0005315453745424747
4.011868715286255,0.0005095335654914379
4.014363050460815,0.0005252868868410587
4.016899824142456,0.0010046327952295542
4.019364595413208,0.0008366769179701805
4.02188777923584,0.000409537460654974
4.024360418319702,0.00043375534005463123
4.026890993118286,0.0005492649506777525
4.029350519180298,0.0004582188557833433
4.031843185424805,0.0006831344217061996
4.034339666366577,0.0010646425653249025
4.036860942840576,0.0006646872498095036
4.039337635040283,0.0003863836172968149
4.041828155517578,0.0004755600821226835
4.044327020645142,0.0005238258745521307
4.046880483627319,0.0004270789213478565
4.049321413040161,0.0008536770474165678
4.05181360244751,0.0009747559670358896
4.054309606552124,0.00048795947805047035
4.05683159828186,0.0004226434975862503
4.059307813644409,0.000554907601326704
4.061803340911865,0.000520983012393117
4.064295530319214,0.0005057267844676971
4.066793918609619,0.0009941181633621454
4.06929087638855,0.0008620624430477619
4.071782112121582,0.0004077551420778036
4.074283599853516,0.00042033265344798565
4.076776504516602,0.0005764048546552658
4.079275608062744,0.0004677334800362587
4.081775188446045,0.0006600504275411367
4.084263324737549,0.0010467879474163055
4.086765289306641,0.0006697722710669041
4.089260816574097,0.0003877142444252968
4.091763019561768,0.0004778883885592222
4.094257354736328,0.0005254417192190886
4.09674859046936,0.00042587053030729294
4.099247455596924,0.0008559285197407007
4.101743221282959,0.001028161495923996
4.10424017906189,0.0005192623939365149
4.10673713684082,0.000405643368139863
4.109232425689697,0.0005295523442327976
4.111728191375732,0.0005197548307478428
4.1142237186431885,0.0005007279105484486
4.116719722747803,0.0009875232353806496
4.119220018386841,0.0008620950393378735
4.121713399887085,0.0004176690708845854
4.124213695526123,0.00042832340113818645
4.1267077922821045,0.0005518563557416201
4.129204750061035,0.000459103612229228
4.131702661514282,0.0006406975444406271
4.1341962814331055,0.0010602246038615704
4.136692523956299,0.0006908434443175793
4.139192581176758,0.0003848527558147907
4.141688108444214,0.00047054956667125225
4.144184350967407,0.0005658832378685474
4.146679639816284,0.00043762498535215855
4.149181604385376,0.000840227585285902
4.151674032211304,0.0010428554378449917
4.154169797897339,0.0005469913594424725
4.156663656234741,0.00040123239159584045
4.1591637134552,0.0005224207416176796
4.16165828704834,0.0005378469359129667
4.164154767990112,0.000494389096274972
4.166650772094727,0.0009801366832107306
4.1691508293151855,0.000879005528986454
4.1716413497924805,0.00043054460547864437
4.1741392612457275,0.0004474224988371134
4.176638603210449,0.0005554629024118185
4.17913818359375,0.00046106288209557533
4.18162989616394,0.0006324541755020618
4.1841254234313965,0.0010691001079976559
4.186624765396118,0.0007115828339010477
4.189122438430786,0.0003888574428856373
4.191617012023926,0.00047825626097619534
4.194112539291382,0.0005691614933311939
4.196606397628784,0.00043668667785823345
4.1991167068481445,0.0008205941412597895
4.201606035232544,0.001051790313795209
4.204096794128418,0.000557522289454937
4.206597328186035,0.00040381564758718014
4.209098815917969,0.0005095941014587879
4.211589097976685,0.0005053868517279625
4.214084148406982,0.0004724436439573765
4.216583728790283,0.0009630632121115923
4.219082593917847,0.0009250629227608442
4.221574306488037,0.0004412280395627022
4.224072694778442,0.00044136191718280315
4.226567983627319,0.0005804118700325489
4.229066848754883,0.0004745961632579565
4.231564521789551,0.0006087939254939556
4.234058618545532,0.0010775472037494183
4.2365522384643555,0.0007447937969118357
4.239055156707764,0.00038399361073970795
4.241541624069214,0.00046955421566963196
4.244045734405518,0.0005596969276666641
4.246541261672974,0.00043463543988764286
4.249037027359009,0.000803294824436307
4.251493692398071,0.001075199106708169
4.25398588180542,0.0005752267315983772
4.256483793258667,0.0003895850386470556
4.258982181549072,0.0004948931746184826
4.261521816253662,0.0005300971679389477
4.264014959335327,0.00046918285079300404
4.266512393951416,0.0009745731949806213
4.269010305404663,0.0009439315181225538
4.271507501602173,0.00044218963012099266
4.273999452590942,0.00042574480175971985
4.276498317718506,0.0005451636388897896
4.278997421264648,0.00047826324589550495
4.28149151802063,0.00060073914937675
4.283989906311035,0.0010621873661875725
4.286484718322754,0.0007484201341867447
4.288988828659058,0.00038211699575185776
4.291482925415039,0.00043537584133446217
4.293970584869385,0.0005514093209058046
4.296471118927002,0.0004334724508225918
4.298968315124512,0.0007676414679735899
4.301463842391968,0.0010607752483338118
4.303958892822266,0.0005876168143004179
4.3064539432525635,0.0003927992656826973
4.308958530426025,0.0005107198376208544
4.311448335647583,0.0005516957025974989
4.313945293426514,0.00046476954594254494
4.316443681716919,0.0009479781147092581
4.318941593170166,0.0009431655053049326
4.32143759727478,0.00044954358600080013
4.323930263519287,0.0004255445674061775
4.326430082321167,0.0005585409235209227
4.3289265632629395,0.0005053565837442875
4.33142352104187,0.0005703698843717575
4.333914756774902,0.0010278495028614998
4.336415767669678,0.0007608870510011911
4.338911771774292,0.0003882101736962795
4.341408729553223,0.0004510453436523676
4.343899726867676,0.0005419680383056402
4.346402883529663,0.00043039792217314243
4.348926544189453,0.000740062678232789
4.351386308670044,0.0010729511268436909
4.353887557983398,0.0006185122765600681
4.356382131576538,0.0003916642162948847
4.358889102935791,0.0004795717541128397
4.361379623413086,0.0005119713023304939
4.363877534866333,0.0004537159111350775
4.366370439529419,0.0009324983693659306
4.368872880935669,0.00095779774710536
4.371366262435913,0.00045765540562570095
4.373862981796265,0.0004141626413911581
4.376359224319458,0.0005207711365073919
4.378859758377075,0.00046759028919041157
4.381349563598633,0.0005610391963273287
4.383847236633301,0.001035219756886363
4.386346817016602,0.0007699953857809305
4.3888468742370605,0.00038875616155564785
4.39133620262146,0.0004601327236741781
4.393834590911865,0.0005726946983486414
4.396333456039429,0.0004498637281358242
4.398830413818359,0.0007435155566781759
4.401325941085815,0.0010616832878440619
4.403818607330322,0.0006103119812905788
4.40631365776062,0.00039065955206751823
4.40881872177124,0.00048819929361343384
4.411310195922852,0.0005314941518008709
4.413805723190308,0.0004460243508219719
4.416304111480713,0.0009286520071327686
4.418800354003906,0.0010210287291556597
4.421296119689941,0.0004833587445318699
4.423797369003296,0.00040999380871653557
4.426284551620483,0.0005245383363217115
4.42879056930542,0.00048503163270652294
4.431280612945557,0.0005439575761556625
4.433776140213013,0.0010388949885964394
4.436272144317627,0.0008216861169785261
4.438777923583984,0.0003972684498876333
4.441269874572754,0.0004428450483828783
4.443765640258789,0.0005459715612232685
4.446269512176514,0.00043997890315949917
4.448761940002441,0.0006972358096390963
4.451255559921265,0.0010531279258430004
4.453750371932983,0.0006365554872900248
4.45624566078186,0.0003928493242710829
4.458752393722534,0.0004864530637860298
4.461240530014038,0.0005343183875083923
4.463736295700073,0.00043873791582882404
4.466233491897583,0.0009005970787256956
4.468741416931152,0.0009869353380054235
4.471232175827026,0.0004841596819460392
4.473722696304321,0.0003949366509914398
4.47622013092041,0.0005042890552431345
4.478717565536499,0.0004843797069042921
4.481220245361328,0.0005230703391134739
4.483707666397095,0.0010179018136113882
4.486205577850342,0.0008257245644927025
4.488703727722168,0.0003928563091903925
4.491198301315308,0.00043721171095967293
4.493695497512817,0.0005492940545082092
4.496189832687378,0.00044595333747565746
4.498691558837891,0.0006911042146384716
4.5011842250823975,0.0010781607124954462
4.503678560256958,0.0006573088467121124
4.5061750411987305,0.0003822939470410347
4.50867486000061,0.00047185574658215046
4.511171340942383,0.0005139829590916634
4.5136637687683105,0.0004295830149203539
4.516165733337402,0.0008753512520343065
4.518662929534912,0.0010199355892837048
4.521156311035156,0.0005121808499097824
4.523656606674194,0.00040684593841433525
4.526144981384277,0.0005166546907275915
4.528649091720581,0.0004979793448001146
4.5311431884765625,0.0005267374217510223
4.533675670623779,0.0010261381976306438
4.536142826080322,0.0008497375529259443
4.538640022277832,0.0004091451410204172
4.541127920150757,0.00044304528273642063
4.543622255325317,0.0005555094685405493
4.546118497848511,0.0004549755249172449
4.548617601394653,0.000671963207423687
4.551148891448975,0.0010586553253233433
4.553612947463989,0.0006727909203618765
4.55610728263855,0.0003868399653583765
4.558610916137695,0.0004769396036863327
4.561098575592041,0.0005675596185028553
4.563596963882446,0.000445354962721467
4.566092014312744,0.0008479051757603884
4.56859827041626,0.0009867304470390081
4.571076154708862,0.0005080655682832003
4.573590517044067,0.0003967573866248131
4.576074600219727,0.0005027500446885824
4.578582286834717,0.0005021935794502497
4.581073045730591,0.0005119200795888901
4.583566188812256,0.001028040423989296
4.586066961288452,0.0008650193922221661
4.588565111160278,0.0004031334538012743
4.591060638427734,0.00041739665903151035
4.593552589416504,0.0005166465416550636
4.596050262451172,0.00044048065319657326
4.598557233810425,0.0006604858208447695
4.6010448932647705,0.0011002959217876196
4.603538513183594,0.0007038773037493229
4.6060404777526855,0.0004024500958621502
4.60853910446167,0.00047225039452314377
4.611027956008911,0.0005562789738178253
4.61352801322937,0.0004435249138623476
4.616020202636719,0.0008459819946438074
4.618525505065918,0.0010449450928717852
4.621018409729004,0.0005417875945568085
4.623510837554932,0.0004128331784158945
4.626012086868286,0.0005615572445094585
4.62851357460022,0.0005535990931093693
4.630998611450195,0.0004975008778274059
4.63349986076355,0.0009926757775247097
4.635995149612427,0.0008814118336886168
4.638505935668945,0.00041313120163977146
4.640989065170288,0.00043243751861155033
4.643482208251953,0.0005545152816921473
4.6459808349609375,0.0004611746408045292
4.648481130599976,0.0006328907329589128
4.650976657867432,0.0010593782644718885
4.653430700302124,0.0007047073449939489
4.655927896499634,0.00039479578845202923
4.658426761627197,0.0004770956002175808
4.660917282104492,0.0005529995542019606
4.663411855697632,0.00043099396862089634
4.665911436080933,0.0008053635247051716
4.668450832366943,0.0010312872473150492
4.670945405960083,0.0005522044375538826
4.673443794250488,0.0003973068669438362
4.675937652587891,0.0005048839375376701
4.678443193435669,0.0005190889351069927
4.68093466758728,0.000476612476631999
4.683425426483154,0.0009583542123436928
4.685922861099243,0.0008922000415623188
4.688443183898926,0.00042390660382807255
4.690918922424316,0.0004237063694745302
4.693415403366089,0.0005233089905232191
4.69590950012207,0.0004528486169874668
4.69844126701355,0.0006154936272650957
4.700905084609985,0.0010500336065888405
4.703397750854492,0.000714536290615797
4.7058961391448975,0.0003837747499346733
4.708429574966431,0.00045847613364458084
4.710891008377075,0.0005447515286505222
4.713383913040161,0.00042763538658618927
4.715883016586304,0.0007927848491817713
4.718383073806763,0.0010325922630727291
4.720872640609741,0.0005519518163055182
4.723375558853149,0.0003905047196894884
4.725868463516235,0.0005210388917475939
4.728366851806641,0.0005513231735676527
4.730860948562622,0.0004787673242390156
4.733358383178711,0.0009594031143933535
4.735853433609009,0.000909778755158186
4.738354682922363,0.0004352256655693054
4.740849494934082,0.0004231440834701061
4.7433459758758545,0.0005254300776869059
4.745839595794678,0.00045033753849565983
4.748340606689453,0.0005947926547378302
4.750833511352539,0.0010443327482789755
4.7533345222473145,0.0007464922964572906
4.755825519561768,0.00038499594666063786
4.758322715759277,0.00046200002543628216
4.7608232498168945,0.0005747051909565926
4.763319492340088,0.00043791718780994415
4.76581335067749,0.0007651373744010925
4.768310785293579,0.0010229728650301695
4.770804166793823,0.0005691079422831535
4.773303031921387,0.00039602629840373993
4.775799989700317,0.0005001132376492023
4.778295993804932,0.0005024508573114872
4.78079080581665,0.0004601594991981983
4.78328800201416,0.0009353458881378174
4.785785913467407,0.0009068800136446953
4.788284778594971,0.0004445284139364958
4.7907795906066895,0.0004195526707917452
4.793273448944092,0.0005591497756540775
4.795775651931763,0.0004898244515061378
4.798266887664795,0.0005743908695876598
4.800768613815308,0.001014559529721737
4.803260326385498,0.0007592490874230862
4.805757761001587,0.0003913859836757183
4.8082544803619385,0.0004494457971304655
4.810751914978027,0.0005599553696811199
4.813245534896851,0.0004411546979099512
4.81574273109436,0.0007517251651734114
4.818242073059082,0.001041201176121831
4.820737361907959,0.0005831324961036444
4.823230743408203,0.0003976153675466776
4.825727701187134,0.000512546394020319
4.828229904174805,0.00054879579693079
4.830718278884888,0.00046323402784764767
4.833217620849609,0.0009310594759881496
4.835712671279907,0.0009302154649049044
4.838212728500366,0.00045346212573349476
4.84070897102356,0.00041236518882215023
4.843206167221069,0.0005389365833252668
4.845700263977051,0.0004936219193041325
4.8482019901275635,0.0005615083500742912
4.850695610046387,0.0010303326416760683
4.8532233238220215,0.0007819943130016327
4.85568904876709,0.0003978016320616007
4.858186721801758,0.0004520360380411148
4.8606767654418945,0.000540916807949543
4.863175630569458,0.00042795436456799507
4.8656699657440186,0.0007246388122439384
4.868169784545898,0.0010277307592332363
4.870665788650513,0.0005992560181766748
4.873161315917969,0.0003947899676859379
4.875657796859741,0.0005115068051964045
4.878156900405884,0.0005708762910217047
4.880652189254761,0.0004546309355646372
4.883151292800903,0.0008850183803588152
4.885645389556885,0.0009248813148587942
4.888144493103027,0.00045871827751398087
4.890633821487427,0.0004148762673139572
4.893133878707886,0.0005417747888714075
4.895629644393921,0.0004901154898107052
4.89812707901001,0.0005530472844839096
4.9006266593933105,0.001016552560031414
4.90312123298645,0.0007960211951285601
4.905616521835327,0.00040018116123974323
4.908118009567261,0.0004651315975934267
4.910609722137451,0.0005624024197459221
4.913107633590698,0.0004439766053110361
4.9156036376953125,0.0007176166400313377
4.918101787567139,0.0010532571468502283
4.920593500137329,0.000622444786131382
4.923096418380737,0.0003775616642087698
4.925588369369507,0.00047146924771368504
4.92808723449707,0.0005510495975613594
4.930580139160156,0.00044969143345952034
4.933077812194824,0.000887908972799778
4.935574293136597,0.0009509955998510122
4.938076972961426,0.00046879518777132034
4.940568208694458,0.0003951380494982004
4.9430623054504395,0.0005228759255260229
4.945560693740845,0.0004977383650839329
4.948060989379883,0.0005387421697378159
4.950552463531494,0.0010097329504787922
4.953050374984741,0.0008120364509522915
4.955578327178955,0.00040087499655783176
4.958048343658447,0.0004361569881439209
4.960540056228638,0.0005702965427190065
4.963034629821777,0.0004585506394505501
4.9655327796936035,0.0007074128370732069
4.968033313751221,0.0010706624016165733
4.970526933670044,0.0006398267578333616
4.973023176193237,0.0003858224954456091
4.975520849227905,0.000493399566039443
4.978017330169678,0.0005699566099792719
4.980508089065552,0.00044860527850687504
4.9830052852630615,0.000890303635969758
4.985503911972046,0.0009958725422620773
4.988004922866821,0.0004964554682374001
4.990499019622803,0.00039392965845763683
4.992992401123047,0.0005198665894567966
4.995489835739136,0.0005082366988062859
4.99798846244812,0.0005294824950397015
5.000481128692627,0.0010061240755021572
5.002976179122925,0.0008271157275885344
5.005486249923706,0.00040297978557646275
5.007977724075317,0.00042650732211768627
5.010468244552612,0.000556714367121458
5.012968063354492,0.00044763670302927494
5.01546311378479,0.0006686127744615078
5.017960071563721,0.0010626099538058043
5.02045464515686,0.0006569747347384691
5.022948503494263,0.00039161648601293564
5.025446891784668,0.00047435052692890167
5.0279481410980225,0.0005125789903104305
5.030441522598267,0.0004262966103851795
5.032935619354248,0.0008610216900706291
5.035433769226074,0.0010150391608476639
5.037935256958008,0.0005136732943356037
5.040426731109619,0.00039860024116933346
5.042922258377075,0.0005028524901717901
5.045502662658691,0.0004956952761858702
5.0479416847229,0.0005050899926573038
5.050444602966309,0.0009810738265514374
5.052915096282959,0.00086628133431077
5.0554046630859375,0.0004167540464550257
5.057913064956665,0.0004327879287302494
5.06039834022522,0.0005373405292630196
5.062896728515625,0.0004368904046714306
5.06539511680603,0.0006458454299718142
5.06788969039917,0.0010429916437715292
5.070388555526733,0.0006655592005699873
5.072880506515503,0.0003869913052767515
5.075383901596069,0.00046666478738188744
5.077881336212158,0.000530267134308815
5.080380201339722,0.00042788218706846237
5.082864761352539,0.0008320226334035397
5.085362195968628,0.000998995965346694
5.087864875793457,0.000514383427798748
5.090355157852173,0.00039611244574189186
5.092852830886841,0.000519223976880312
5.095349311828613,0.0005148351192474365
5.097851276397705,0.0004897173494100571
5.100342512130737,0.0009609339758753777
5.102840900421143,0.0008724827785044909
5.105333089828491,0.0004244060255587101
5.10783576965332,0.00042514526285231113
5.110331773757935,0.0005372357554733753
5.112829685211182,0.0004480418283492327
5.115317106246948,0.0006391911301761866
5.117822885513306,0.0010593060869723558
5.120312690734863,0.0007004698272794485
5.122812032699585,0.00038588885217905045
5.125303030014038,0.00047717709094285965
5.127808332443237,0.0005660403985530138
5.130301475524902,0.0004335783887654543
5.132798433303833,0.0008047511801123619
5.135293483734131,0.0010170869063585997
5.137792110443115,0.0005366781260818243
5.140285491943359,0.0003948470111936331
5.1427834033966064,0.0005037547089159489
5.145280838012695,0.0004992110189050436
5.147774696350098,0.000479378504678607
5.150273323059082,0.0009653053712099791
5.152767181396484,0.000896090641617775
5.155263185501099,0.0004284991882741451
5.157800674438477,0.00044827116653323174
5.160259008407593,0.0005553674418479204
5.162756443023682,0.0004516215994954109
5.165249586105347,0.0006156985182315111
5.167752981185913,0.0010478554759174585
5.170245885848999,0.0007120741065591574
5.172739505767822,0.000390766654163599
5.175238132476807,0.00045982073061168194
5.177737712860107,0.0005215464625507593
5.180229425430298,0.00042133848182857037
5.182727098464966,0.0007901899516582489
5.185224294662476,0.0010224990546703339
5.187721252441406,0.0005451147444546223
5.190214395523071,0.00039270147681236267
5.19270920753479,0.00048795947805047035
5.195212125778198,0.0005249050445854664
5.1977081298828125,0.00047776964493095875
5.200201988220215,0.0009557569865137339
5.202696800231934,0.0009079044684767723
5.205193758010864,0.0004354002885520458
5.207651138305664,0.00043422565795481205
5.210143566131592,0.0005541148129850626
5.212645530700684,0.00047242501750588417
5.215138912200928,0.0006075436249375343
5.217638731002808,0.001062954543158412
5.220133304595947,0.0007422943599522114
5.222627878189087,0.000383094884455204
5.225169658660889,0.0004523410461843014
5.2276694774627686,0.0005447526928037405
5.230157852172852,0.0004267331678420305
5.232656717300415,0.0007834215648472309
5.235156774520874,0.0010299065615981817
5.237651824951172,0.0005534361116588116
5.2401442527771,0.000383877195417881
5.242640972137451,0.0004991027526557446
5.245137453079224,0.0005201541353017092
5.247641086578369,0.0004666403401643038
5.250131607055664,0.0009356031659990549
5.252626419067383,0.0009051314555108547
5.255127191543579,0.00043396023102104664
5.257622718811035,0.00041001709178090096
5.2601213455200195,0.00053781783208251
5.26261305809021,0.000468880170956254
5.265108585357666,0.0005935796070843935
5.267615795135498,0.0010634120553731918
5.270103454589844,0.0007613818161189556
5.272600889205933,0.00039617414586246014
5.27509617805481,0.0004429556429386139
5.277594089508057,0.0005139852873980999
5.280088186264038,0.00042083789594471455
5.282589435577393,0.000765061704441905
5.285078763961792,0.0010420847684144974
5.2875847816467285,0.0005711219273507595
5.290077209472656,0.00038120662793517113
5.292572975158691,0.0004951690789312124
5.295069932937622,0.0005314452573657036
5.297567129135132,0.00046161352656781673
5.300063848495483,0.0009590631816536188
5.3025572299957275,0.0009554694406688213
5.305052995681763,0.0004470616113394499
5.307555198669434,0.0004336796700954437
5.310051202774048,0.0005394930485635996
5.312545299530029,0.0004806846845895052
5.3150410652160645,0.0005645002238452435
5.317537546157837,0.0010352348908782005
5.320035219192505,0.0007653713691979647
5.322531700134277,0.00038742320612072945
5.3250250816345215,0.00045944354496896267
5.327529668807983,0.0005528295878320932
5.330017566680908,0.000436585396528244
5.33251690864563,0.0007661257404834032
5.335012674331665,0.001070825383067131
5.337512016296387,0.0005899532698094845
5.3400068283081055,0.0003908690996468067
5.342502593994141,0.0004933308809995651
5.344998598098755,0.0005285418592393398
5.3474953174591064,0.0004456739407032728
5.349992275238037,0.0009111501276493073
5.352490425109863,0.0009765906725078821
5.3549840450286865,0.0004674179945141077
5.3574841022491455,0.00041513005271553993
5.360014200210571,0.0005352857988327742
5.3624842166900635,0.0004853296559303999
5.364966869354248,0.0005545164458453655
5.367469549179077,0.0010238715913146734
5.369964838027954,0.0007773307152092457
5.372467041015625,0.0003930297680199146
5.374953508377075,0.0004588463343679905
5.377456903457642,0.0005542382132261992
5.379948616027832,0.00043568783439695835
5.382447719573975,0.0007282954175025225
5.384942293167114,0.0010485597886145115
5.387442350387573,0.0006044527981430292
5.38993239402771,0.000388164771720767
5.392429351806641,0.0004813761916011572
5.394925355911255,0.0005337502807378769
5.397434949874878,0.00045438879169523716
5.39992618560791,0.000928238732740283
5.402418851852417,0.000986898085102439
5.4049155712127686,0.0004758033901453018
5.407412767410278,0.0004122755490243435
5.409905910491943,0.0005364278331398964
5.412402868270874,0.0004918070044368505
5.414898872375488,0.0005418353248387575
5.417401313781738,0.0010470603592693806
5.41989541053772,0.0008223298937082291
5.422389507293701,0.00039783655665814877
5.424884796142578,0.0004415225703269243
5.4273881912231445,0.0005635188426822424
5.429880380630493,0.0004499556962400675
5.432378530502319,0.0007044733501970768
5.434873819351196,0.0010616099461913109
5.437370300292969,0.0006249791476875544
5.439866781234741,0.0003758631646633148
5.442361354827881,0.0004721153527498245
5.444859027862549,0.0005393975879997015
5.447359800338745,0.0004400545731186867
5.449853420257568,0.000864487374201417
5.452348470687866,0.000979213509708643
5.454846143722534,0.0004910724237561226
5.457345008850098,0.0003988831304013729
5.459840297698975,0.0005001015961170197
5.462332010269165,0.0004811934195458889
5.464831113815308,0.0005295232404023409
5.46733021736145,0.0010483816731721163
5.4698216915130615,0.0008540530689060688
5.472319602966309,0.00040544779039919376
5.4748146533966064,0.0004367541987448931
5.47744607925415,0.0005459634121507406
5.479983329772949,0.0004406529478728771
5.482345342636108,0.0007016898598521948
5.484806537628174,0.0011032749898731709
5.48730731010437,0.0006669166032224894
5.48979377746582,0.00038317986764013767
5.492293119430542,0.0004720129072666168
5.494788885116577,0.0005432858597487211
5.497294664382935,0.00043760286644101143
5.499781608581543,0.0008751708082854748
5.50227952003479,0.000999782932922244
5.504774570465088,0.0004995940253138542
5.507277250289917,0.0004183326382189989
5.509767532348633,0.0005338585469871759
5.5122644901275635,0.0005021935794502497
5.514760732650757,0.0005193043034523726
5.517260789871216,0.0010499916970729828
5.519755125045776,0.0008833338506519794
5.522249698638916,0.0004105665720999241
5.524754762649536,0.00045431312173604965
5.527248859405518,0.0005682988557964563
5.529739141464233,0.0004532479215413332
5.532240629196167,0.0006828398909419775
5.534724712371826,0.0011296733282506466
5.537236452102661,0.0007055466994643211
5.539724588394165,0.0003901554737240076
5.542222738265991,0.0004806427750736475
5.544717311859131,0.000570561969652772
5.547214984893799,0.00043894280679523945
5.549712181091309,0.0008648040238767862
5.552211046218872,0.0010510149877518415
5.5547051429748535,0.0005193916149437428
5.5572428703308105,0.0004001054912805557
5.559703826904297,0.0005091133061796427
5.562239408493042,0.00048068701289594173
5.564688205718994,0.0005002215038985014
5.567193031311035,0.0010042765643447638
5.569682836532593,0.0008567341137677431
5.5721821784973145,0.0004061416257172823
5.574674367904663,0.00042983447201550007
5.577173709869385,0.0005430239252746105
5.5796709060668945,0.00044293818064033985
5.58216404914856,0.0006530620157718658
5.584662675857544,0.0010811013635247946
5.587162256240845,0.0006908888462930918
5.58965539932251,0.0003824918530881405
5.592151641845703,0.00047069042921066284
5.59464693069458,0.0005434441845864058
5.597147464752197,0.0004296272527426481
5.599643707275391,0.0008327746763825417
5.602136135101318,0.0010079925414174795
5.60463547706604,0.0005205068737268448
5.607134819030762,0.0004033045843243599
5.6096272468566895,0.0005353882443159819
5.612125635147095,0.0005318841431289911
5.614618301391602,0.000493205152451992
5.617118835449219,0.0009940017480403185
5.619613409042358,0.0008909078314900398
5.622106075286865,0.0004270451609045267
5.624603748321533,0.0004311162047088146
5.627106189727783,0.0005511334165930748
5.629603385925293,0.00046120956540107727
5.632089376449585,0.0006314646452665329
5.634594917297363,0.0010583014227449894
