0.00176405906677,2.49999999884
0.00356888771057,2.49999999884
0.00605010986328,2.49999999884
0.00853896141052,2.49999999884
0.0110340118408,2.49999999884
0.0135281085968,2.49999999884
0.0160241127014,2.49999999884
0.0185210704803,2.49999999884
0.021017074585,2.49999999884
0.0235121250153,2.49999999884
0.0260109901428,2.49999999884
0.0285110473633,2.49999999884
0.0310010910034,2.49999999884
0.0335030555725,2.49999999884
0.036003112793,2.49999999884
0.0384991168976,2.49999999884
0.0409920215607,2.49999999884
0.0434899330139,2.49999999884
0.0459830760956,2.49999999884
0.0484850406647,2.49999999884
0.050980091095,2.49999999884
0.0534720420837,2.49999999884
0.0559689998627,2.49999999884
0.0584859848022,2.49999999884
0.0609641075134,2.49999999884
0.0634639263153,2.49999999884
0.0659589767456,2.49999999884
0.068461894989,2.49999999884
0.0709540843964,2.49999999884
0.0734879970551,2.49999999884
0.0759460926056,2.49999999884
0.0784449577332,2.49999999884
0.0809409618378,2.49999999884
0.0834350585938,2.49999999884
0.085932970047,2.49999999884
0.0884330272675,2.49999999884
0.0909209251404,2.49999999884
0.0934209823608,2.49999999884
0.0959188938141,2.49999999884
0.0984148979187,2.49999999884
0.100908994675,2.49999999884
0.103401899338,2.49999999884
0.105906963348,2.49999999884
0.10840511322,2.49999999884
0.110892057419,2.49999999884
0.113393068314,2.49999999884
0.115889072418,2.49999999884
0.11838889122,2.49999999884
0.120882034302,2.49999999884
0.123378992081,2.49999999884
0.125874996185,2.49999999884
0.128374099731,2.49999999884
0.130867004395,2.49999999884
0.133363962173,2.49999999884
0.135864973068,2.49999999884
0.138360023499,2.49999999884
0.140854120255,2.49999999884
0.143348932266,2.49999999884
0.145847082138,2.49999999884
0.148345947266,2.49999999884
0.150839090347,2.49999999884
0.153336048126,2.49999999884
0.155833959579,2.49999999884
0.158329963684,2.49999999884
0.160825014114,2.49999999884
0.163324117661,2.49999999884
0.165817975998,2.49999999884
0.168318986893,2.49999999884
0.170813083649,2.49999999884
0.173304080963,2.49999999884
0.175806999207,2.49999999884
0.178303003311,2.49999999884
0.180797100067,2.49999999884
0.183293104172,2.49999999884
0.185791969299,2.49999999884
0.188293933868,2.49999999884
0.190783023834,2.49999999884
0.193279027939,2.49999999884
0.195775985718,2.49999999884
0.198272943497,2.49999999884
0.200774908066,2.49999999884
0.203263998032,2.49999999884
0.205761909485,2.49999999884
0.208265066147,2.49999999884
0.210753917694,2.49999999884
0.21325302124,2.49999999884
0.215749025345,2.49999999884
0.218246936798,2.49999999884
0.220741033554,2.49999999884
0.223237991333,2.49999999884
0.225735902786,2.49999999884
0.228236913681,2.49999999884
0.230730056763,2.49999999884
0.233222007751,2.49999999884
0.235722064972,2.49999999884
0.238223075867,2.49999999884
0.240715026855,2.49999999884
0.243213891983,2.49999999884
0.2457010746,2.49999999884
0.248209953308,2.49999999884
0.250700950623,2.49999999884
0.253197908401,2.49999999884
0.255695104599,2.49999999884
0.258187055588,2.49999999884
0.260684013367,2.49999999884
0.263185024261,2.49999999884
0.26567697525,2.49999999884
0.268181085587,2.49999999884
0.270670890808,2.49999999884
0.273169994354,2.49999999884
0.275700092316,2.49999999884
0.278172969818,2.49999999884
0.280658006668,2.49999999884
0.283159017563,2.49999999884
0.285654067993,2.49999999884
0.288151979446,2.49999999884
0.290645122528,2.49999999884
0.293145895004,2.49999999884
0.295639038086,2.49999999884
0.298142910004,2.49999999884
0.300623893738,2.49999999884
0.303128957748,2.49999999884
0.30562710762,2.49999999884
0.308135032654,2.49999999884
0.310619115829,2.49999999884
0.313116073608,2.49999999884
0.315613031387,2.49999999884
0.318111896515,2.49999999884
0.320605039597,2.49999999884
0.323103904724,2.49999999884
0.32560801506,2.49999999884
0.328099966049,2.49999999884
0.330595016479,2.49999999884
0.333086967468,2.49999999884
0.335588932037,2.49999999884
0.338087081909,2.49999999884
0.340575933456,2.49999999884
0.343072891235,2.49999999884
0.345571994781,2.49999999884
0.348071098328,2.49999999884
0.350565910339,2.49999999884
0.353071928024,2.49999999884
0.355552911758,2.49999999884
0.358066082001,2.49999999884
0.360549926758,2.49999999884
0.363044977188,2.49999999884
0.365542888641,2.49999999884
0.368058919907,2.49999999884
0.370538949966,2.49999999884
0.373032093048,2.49999999884
0.375529050827,2.49999999884
0.378103017807,2.49999999884
0.380527019501,2.49999999884
0.383016109467,2.49999999884
0.38551402092,2.49999999884
0.388047933578,2.49999999884
0.390511989594,2.49999999884
0.393007993698,2.49999999884
0.395502090454,2.49999999884
0.398000001907,2.49999999884
0.400486946106,2.49999999884
0.402992010117,2.49999999884
0.405491113663,2.49999999884
0.407989025116,2.49999999884
0.410484075546,2.49999999884
0.412976026535,2.49999999884
0.415472984314,2.49999999884
0.417975902557,2.49999999884
0.420466899872,2.49999999884
0.422969102859,2.49999999884
0.425456047058,2.49999999884
0.427957057953,2.49999999884
0.43045091629,2.49999999884
0.432950973511,2.49999999884
0.435446977615,2.49999999884
0.437946081161,2.49999999884
0.443526029587,2.49999999884
0.445313930511,-1.89453125116
0.447943925858,2.49999999884
0.450428009033,2.49999999884
0.452920913696,2.49999999884
0.455415964127,2.49999999884
0.457920074463,2.49999999884
0.460406064987,2.49999999884
0.462907075882,2.49999999884
0.465399980545,2.49999999884
0.467902898788,2.49999999884
0.470398902893,2.49999999884
0.472892045975,2.49999999884
0.475389003754,2.49999999884
0.477927923203,2.49999999884
0.480385065079,2.49999999884
0.482878923416,2.49999999884
0.485371112823,2.49999999884
0.487879037857,2.49999999884
0.490374088287,2.49999999884
0.492868900299,2.49999999884
0.495367050171,2.49999999884
0.497863054276,2.49999999884
0.50035905838,2.49999999884
0.502856016159,2.49999999884
0.505350112915,2.49999999884
0.507848978043,2.49999999884
0.510343074799,2.49999999884
0.512840986252,2.49999999884
0.515336036682,2.49999999884
0.51783490181,2.49999999884
0.52032995224,2.49999999884
0.522819042206,2.49999999884
0.525326013565,2.49999999884
0.527823925018,2.49999999884
0.530309915543,2.49999999884
0.53281211853,2.49999999884
0.535310029984,2.49999999884
0.537808895111,2.49999999884
0.540307044983,2.49999999884
0.542798042297,2.49999999884
0.545291900635,2.49999999884
0.54779291153,2.49999999884
0.550288915634,2.49999999884
0.552784919739,2.49999999884
0.555279016495,2.49999999884
0.557779073715,2.49999999884
0.56027507782,2.49999999884
0.562768936157,2.49999999884
0.565265893936,2.49999999884
0.567773103714,2.49999999884
0.570245027542,2.49999999884
0.572757005692,2.49999999884
0.575252056122,2.49999999884
0.577750921249,2.49999999884
0.580246925354,2.49999999884
0.582740068436,2.49999999884
0.585237979889,2.49999999884
0.587739944458,2.49999999884
0.590230941772,2.49999999884
0.592726945877,2.49999999884
0.595222949982,2.49999999884
0.597723007202,2.49999999884
0.600219964981,2.49999999884
0.602714061737,2.49999999884
0.605207920074,2.49999999884
0.607707977295,2.49999999884
0.610205888748,2.49999999884
0.612701892853,2.49999999884
0.61519908905,2.49999999884
0.617696046829,2.49999999884
0.620189905167,2.49999999884
0.622687101364,2.49999999884
0.625184059143,2.49999999884
0.627685070038,2.49999999884
0.630177974701,2.49999999884
0.632673025131,2.49999999884
0.635171890259,2.49999999884
0.637671947479,2.49999999884
0.640161037445,2.49999999884
0.64267206192,2.49999999884
0.645158052444,2.49999999884
0.647655010223,2.49999999884
0.650150060654,2.49999999884
0.652642965317,2.49999999884
0.655144929886,2.49999999884
0.657641887665,2.49999999884
0.660137891769,2.49999999884
0.662628889084,2.49999999884
0.665128946304,2.49999999884
0.667630910873,2.49999999884
0.670119047165,2.49999999884
0.672619104385,2.49999999884
0.675116062164,2.49999999884
0.677617073059,2.49999999884
0.680139064789,2.49999999884
0.682607889175,2.49999999884
0.685099124908,2.49999999884
0.687602043152,2.49999999884
0.690107107162,2.49999999884
0.692589998245,2.49999999884
0.695087909698,2.49999999884
0.697583913803,2.49999999884
0.700083017349,2.49999999884
0.702577114105,2.49999999884
0.705075979233,2.49999999884
0.707583904266,2.49999999884
0.710071086884,2.49999999884
0.712564945221,2.49999999884
0.715059995651,2.49999999884
0.717559099197,2.49999999884
0.720052957535,2.49999999884
0.722542047501,2.49999999884
0.725042104721,2.49999999884
0.72754406929,2.49999999884
0.730046987534,2.49999999884
0.732539892197,2.49999999884
0.735032081604,2.49999999884
0.737533092499,2.49999999884
0.740025043488,2.49999999884
0.742525100708,2.49999999884
0.745012044907,2.49999999884
0.747518062592,2.49999999884
0.750010967255,2.49999999884
0.752506017685,2.49999999884
0.755003929138,2.49999999884
0.757503986359,2.49999999884
0.759994983673,2.49999999884
0.762490987778,2.49999999884
0.764990091324,2.49999999884
0.767489910126,2.49999999884
0.769982099533,2.49999999884
0.772476911545,2.49999999884
0.774975061417,2.49999999884
0.777477025986,2.49999999884
0.7799680233,2.49999999884
0.782465934753,2.49999999884
0.784961938858,2.49999999884
0.78746509552,2.49999999884
0.789958000183,2.49999999884
0.792453050613,2.49999999884
0.794958114624,2.49999999884
0.797441959381,2.49999999884
0.799942016602,2.49999999884
0.802441120148,2.49999999884
0.804937124252,2.49999999884
0.807428121567,2.49999999884
0.809927940369,2.49999999884
0.812422037125,2.49999999884
0.814920902252,2.49999999884
0.817424058914,2.49999999884
0.819916009903,2.49999999884
0.822402000427,2.49999999884
0.824908971786,2.49999999884
0.827408075333,2.49999999884
0.829903125763,2.49999999884
0.832396030426,2.49999999884
0.834893941879,2.49999999884
0.837395906448,2.49999999884
0.839888095856,2.49999999884
0.842387914658,2.49999999884
0.844876050949,2.49999999884
0.847382068634,2.49999999884
0.849874973297,2.49999999884
0.852369070053,2.49999999884
0.854862928391,2.49999999884
0.857367992401,2.49999999884
0.859858036041,2.49999999884
0.862359046936,2.49999999884
0.864852905273,2.49999999884
0.867429018021,2.49999999884
0.869890928268,2.49999999884
0.872344017029,2.49999999884
0.874835968018,2.49999999884
0.877336978912,2.49999999884
0.879841089249,2.49999999884
0.882328987122,2.49999999884
0.884821891785,2.49999999884
0.887322902679,2.49999999884
0.889813899994,2.49999999884
0.892308950424,2.49999999884
0.894804000854,2.49999999884
0.897305011749,2.49999999884
0.899799108505,2.49999999884
0.902296066284,2.49999999884
0.904789924622,2.49999999884
0.907294034958,2.49999999884
0.909787893295,2.49999999884
0.912282943726,2.49999999884
0.914777040482,2.49999999884
0.917282104492,2.49999999884
0.919781923294,2.49999999884
0.92227101326,2.49999999884
0.924767971039,2.49999999884
0.927284955978,2.49999999884
0.92976808548,2.49999999884
0.932264089584,2.49999999884
0.934758901596,2.49999999884
0.937268018723,2.49999999884
0.939749002457,2.49999999884
0.9422519207,2.49999999884
0.944735050201,2.49999999884
0.947241067886,2.49999999884
0.949733972549,2.49999999884
0.952229976654,2.49999999884
0.954727888107,2.49999999884
0.957227945328,2.49999999884
0.959712982178,2.49999999884
0.962217092514,2.49999999884
0.964716911316,2.49999999884
0.967216014862,2.49999999884
0.969710111618,2.49999999884
0.972203016281,2.49999999884
0.974700927734,2.49999999884
0.977201938629,2.49999999884
0.979690074921,2.49999999884
0.982228040695,2.49999999884
0.98468708992,2.49999999884
0.987190008163,2.49999999884
0.989681959152,2.49999999884
0.992177009583,2.49999999884
0.994672060013,2.49999999884
0.99717092514,2.49999999884
0.999681949615,2.49999999884
1.00216293335,2.49999999884
1.00465893745,2.49999999884
1.007158041,2.49999999884
1.00965189934,2.49999999884
1.01215100288,2.49999999884
1.01464104652,2.49999999884
1.01714301109,2.49999999884
1.01964306831,2.49999999884
1.02213692665,2.49999999884
1.02463293076,2.49999999884
1.02712798119,2.49999999884
1.02962398529,2.49999999884
1.03212308884,2.49999999884
1.03462004662,2.49999999884
1.03711700439,2.49999999884
1.03961610794,2.49999999884
1.04211807251,2.49999999884
1.04460597038,2.49999999884
1.04710507393,2.49999999884
1.04959893227,2.49999999884
1.05209302902,2.49999999884
1.0545899868,2.49999999884
1.0570909977,2.49999999884
1.05958008766,2.49999999884
1.06208300591,2.49999999884
1.06458997726,2.49999999884
1.06707906723,2.49999999884
1.06957101822,2.49999999884
1.07206606865,2.49999999884
1.0745639801,2.49999999884
1.07706308365,2.49999999884
1.07955694199,2.49999999884
1.08205103874,2.49999999884
1.08455109596,2.49999999884
1.08704996109,2.49999999884
1.08954310417,2.49999999884
1.09203696251,2.49999999884
1.09453511238,2.49999999884
1.09703707695,2.49999999884
1.09953093529,2.49999999884
1.10202598572,2.49999999884
1.10452198982,2.49999999884
1.10702109337,2.49999999884
1.10951495171,2.49999999884
1.11201310158,2.49999999884
1.11450791359,2.49999999884
1.11700892448,2.49999999884
1.11949896812,2.49999999884
1.12199807167,2.49999999884
1.12449407578,2.49999999884
1.12699699402,2.49999999884
1.12948894501,2.49999999884
1.13198494911,2.49999999884
1.13447809219,2.49999999884
1.13698005676,2.49999999884
1.13947296143,2.49999999884
1.14196801186,2.49999999884
1.1444671154,2.49999999884
1.1469669342,2.49999999884
1.14946198463,2.49999999884
1.15195798874,2.49999999884
1.15445494652,2.49999999884
1.15695405006,2.49999999884
1.1594479084,2.49999999884
1.16194105148,2.49999999884
1.16443896294,2.49999999884
1.16693806648,2.49999999884
1.16943192482,2.49999999884
1.17193007469,2.49999999884
1.1744260788,2.49999999884
1.17691493034,2.49999999884
1.17941904068,2.49999999884
1.18191409111,2.49999999884
1.18441295624,2.49999999884
1.18691110611,2.49999999884
1.18940496445,2.49999999884
1.19190597534,2.49999999884
1.19438910484,2.49999999884
1.19689798355,2.49999999884
1.19938802719,2.49999999884
1.20188903809,2.49999999884
1.20438289642,2.49999999884
1.20688390732,2.49999999884
1.20937800407,2.49999999884
1.21187400818,2.49999999884
1.21436905861,2.49999999884
1.21687602997,2.49999999884
1.21935606003,2.49999999884
1.22185993195,2.49999999884
1.22435808182,2.49999999884
1.22685790062,2.49999999884
1.22935009003,2.49999999884
1.23184704781,2.49999999884
1.23433899879,2.49999999884
1.23684310913,2.49999999884
1.23933792114,2.49999999884
1.24182796478,2.49999999884
1.24432611465,2.49999999884
1.24682807922,2.49999999884
1.24932599068,2.49999999884
1.25182104111,2.49999999884
1.25431394577,2.49999999884
1.25681805611,2.49999999884
1.25930905342,2.49999999884
1.26180291176,2.49999999884
1.26429891586,2.49999999884
1.26680207253,2.49999999884
1.26929712296,2.49999999884
1.27180695534,2.49999999884
1.27428889275,2.49999999884
1.27678608894,2.49999999884
1.27928090096,2.49999999884
1.28177499771,2.49999999884
1.28430891037,2.49999999884
1.28677296638,2.49999999884
1.28926706314,2.49999999884
1.2917599678,2.49999999884
1.29425907135,2.49999999884
1.29675793648,2.49999999884
1.29925012589,2.49999999884
1.30174589157,2.49999999884
1.30424404144,2.49999999884
1.30674099922,2.49999999884
1.30924105644,2.49999999884
1.31173491478,2.49999999884
1.31423211098,2.49999999884
1.31673407555,2.49999999884
1.3192179203,2.49999999884
1.32172298431,2.49999999884
1.32421588898,2.49999999884
1.32671904564,2.49999999884
1.3292119503,2.49999999884
1.3317220211,2.49999999884
1.33420395851,2.49999999884
1.33670306206,2.49999999884
1.33919906616,2.49999999884
1.34169602394,2.49999999884
1.34419298172,2.49999999884
1.34669995308,2.49999999884
1.34917807579,2.49999999884
1.35167908669,2.49999999884
1.35417604446,2.49999999884
1.3566699028,2.49999999884
1.35916996002,2.49999999884
1.36166501045,2.49999999884
1.36416506767,2.49999999884
1.3666639328,2.49999999884
1.36915612221,2.49999999884
1.37165307999,2.49999999884
1.37414598465,2.49999999884
1.37665390968,2.49999999884
1.37913489342,2.49999999884
1.38163995743,2.49999999884
1.38413596153,2.49999999884
1.38664603233,2.49999999884
1.38912296295,2.49999999884
1.39161801338,2.49999999884
1.39411997795,2.49999999884
1.39663100243,2.49999999884
1.39910697937,2.49999999884
1.40161395073,2.49999999884
1.40409803391,2.49999999884
1.40661501884,2.49999999884
1.4090950489,2.49999999884
1.41159510612,2.49999999884
1.4140920639,2.49999999884
1.41660094261,2.49999999884
1.41908097267,2.49999999884
1.42158293724,2.49999999884
1.42407989502,2.49999999884
1.4265871048,2.49999999884
1.429074049,2.49999999884
1.43157911301,2.49999999884
1.43407011032,2.49999999884
1.43666005135,2.49999999884
1.43906211853,2.49999999884
1.44155693054,2.49999999884
1.44405198097,2.49999999884
1.44658493996,2.49999999884
1.4490480423,2.49999999884
1.4515440464,2.49999999884
1.45404005051,2.49999999884
1.45657110214,2.49999999884
1.45903205872,2.49999999884
1.46152710915,2.49999999884
1.46402692795,2.49999999884
1.46655702591,2.49999999884
1.4690220356,2.49999999884
1.47151494026,2.49999999884
1.47401094437,2.49999999884
1.47653794289,2.49999999884
1.47900700569,2.49999999884
1.48149800301,2.49999999884
1.48399710655,2.49999999884
1.48655295372,2.49999999884
1.48899292946,2.49999999884
1.49148797989,2.49999999884
1.49397301674,2.49999999884
1.4965069294,2.49999999884
1.4989759922,2.49999999884
1.50147104263,2.49999999884
1.50396990776,2.49999999884
1.50649309158,2.49999999884
1.50896191597,2.49999999884
1.51146006584,2.49999999884
1.51395893097,2.49999999884
1.51647210121,2.49999999884
1.51895093918,2.49999999884
1.52145004272,2.49999999884
1.52394199371,2.49999999884
1.52647805214,2.49999999884
1.52894306183,2.49999999884
1.53143596649,2.49999999884
1.53392696381,2.49999999884
1.53642702103,2.49999999884
1.53892207146,2.49999999884
1.54141902924,2.49999999884
1.54391694069,2.49999999884
1.54641103745,2.49999999884
1.54890990257,2.49999999884
1.55140304565,2.49999999884
1.55390000343,2.49999999884
1.55639410019,2.49999999884
1.55889701843,2.49999999884
1.56138801575,2.49999999884
1.56388497353,2.49999999884
1.5663819313,2.49999999884
1.56888198853,2.49999999884
1.57137489319,2.49999999884
1.57387089729,2.49999999884
1.57636904716,2.49999999884
1.57886910439,2.49999999884
1.58136296272,2.49999999884
1.5838599205,2.49999999884
1.58635497093,2.49999999884
1.58886003494,2.49999999884
1.59134912491,2.49999999884
1.59384703636,2.49999999884
1.59634208679,2.49999999884
1.59884309769,2.49999999884
1.60133600235,2.49999999884
1.60383200645,2.49999999884
1.60634112358,2.49999999884
1.60882997513,2.49999999884
1.61132097244,2.49999999884
1.61382102966,2.49999999884
1.61631608009,2.49999999884
1.61881995201,2.49999999884
1.62131094933,2.49999999884
1.62380504608,2.49999999884
1.62630105019,2.49999999884
1.62879991531,2.49999999884
1.63128995895,2.49999999884
1.6337890625,2.49999999884
1.63628911972,2.49999999884
1.63878798485,2.49999999884
1.64128088951,2.49999999884
1.64377808571,2.49999999884
1.64627599716,2.49999999884
1.64877200127,2.49999999884
1.65126991272,2.49999999884
1.65376901627,2.49999999884
1.65625691414,2.49999999884
1.6587600708,2.49999999884
1.66125297546,2.49999999884
1.66374897957,2.49999999884
1.66624593735,2.49999999884
1.66874504089,2.49999999884
1.67124295235,2.49999999884
1.67373800278,2.49999999884
1.67623496056,2.49999999884
1.67873311043,2.49999999884
1.68122506142,2.49999999884
1.68372297287,2.49999999884
1.6862180233,2.49999999884
1.68872094154,2.49999999884
1.6912150383,2.49999999884
1.6937110424,2.49999999884
1.69621396065,2.49999999884
1.69871091843,2.49999999884
1.70119905472,2.49999999884
1.70369696617,2.49999999884
1.70618605614,2.49999999884
1.70869112015,2.49999999884
1.71118307114,2.49999999884
1.71368002892,2.49999999884
1.71617698669,2.49999999884
1.71867799759,2.49999999884
1.72117209435,2.49999999884
1.72366595268,2.49999999884
1.72616410255,2.49999999884
1.72867298126,2.49999999884
1.73116612434,2.49999999884
1.73365402222,2.49999999884
1.73615407944,2.49999999884
1.73864603043,2.49999999884
1.7411429882,2.49999999884
1.74364209175,2.49999999884
1.74613690376,2.49999999884
1.74863791466,2.49999999884
1.75112891197,2.49999999884
1.75362491608,2.49999999884
1.75612092018,2.49999999884
1.7586209774,2.49999999884
1.76111888885,2.49999999884
1.76361203194,2.49999999884
1.7661049366,2.49999999884
1.76860594749,2.49999999884
1.7711019516,2.49999999884
1.77359890938,2.49999999884
1.77609300613,2.49999999884
1.7785949707,2.49999999884
1.78108811378,2.49999999884
1.78359103203,2.49999999884
1.7860751152,2.49999999884
1.78861308098,2.49999999884
1.79107403755,2.49999999884
1.79357504845,2.49999999884
1.79606699944,2.49999999884
1.79857301712,2.49999999884
1.80105996132,2.49999999884
1.80355596542,2.49999999884
1.8060541153,2.49999999884
1.80855798721,2.49999999884
1.81103897095,2.49999999884
1.81353998184,2.49999999884
1.81604099274,2.49999999884
1.81854104996,2.49999999884
1.82103610039,2.49999999884
1.82352900505,2.49999999884
1.82602596283,2.49999999884
1.82852911949,2.49999999884
1.83101606369,2.49999999884
1.83351707458,2.49999999884
1.83601593971,2.49999999884
1.8385078907,2.49999999884
1.84100604057,2.49999999884
1.84350204468,2.49999999884
1.84600710869,2.49999999884
1.84849095345,2.49999999884
1.85099101067,2.49999999884
1.85348796844,2.49999999884
1.85598802567,2.49999999884
1.85848498344,2.49999999884
1.86097693443,2.49999999884
1.863478899,2.49999999884
1.86597204208,2.49999999884
1.86847090721,2.49999999884
1.87096500397,2.49999999884
1.87346196175,2.49999999884
1.87595796585,2.49999999884
1.87844896317,2.49999999884
1.88095211983,2.49999999884
1.88344812393,2.49999999884
1.88594508171,2.49999999884
1.88844490051,2.49999999884
1.89093995094,2.49999999884
1.89343690872,2.49999999884
1.8959300518,2.49999999884
1.89842796326,2.49999999884
1.90091991425,2.49999999884
1.90342307091,2.49999999884
1.90592002869,2.49999999884
1.90841007233,2.49999999884
1.91090893745,2.49999999884
1.91340708733,2.49999999884
1.91590309143,2.49999999884
1.91840600967,2.49999999884
1.92089509964,2.49999999884
1.92339110374,2.49999999884
1.92588996887,2.49999999884
1.92839097977,2.49999999884
1.93088507652,2.49999999884
1.93337798119,2.49999999884
1.93587589264,2.49999999884
1.93837594986,2.49999999884
1.94432091713,2.49999999884
1.94602394104,2.49999999884
1.94836902618,2.49999999884
1.95085406303,2.49999999884
1.95335006714,2.49999999884
1.95584607124,2.49999999884
1.95834803581,2.49999999884
1.96083211899,2.49999999884
1.96333408356,2.49999999884
1.96583104134,2.49999999884
1.96833300591,2.49999999884
1.97082495689,2.49999999884
1.97332000732,2.49999999884
1.97582101822,2.49999999884
1.97832107544,2.49999999884
1.98081207275,2.49999999884
1.98330712318,2.49999999884
1.98580694199,2.49999999884
1.988312006,2.49999999884
1.99080491066,2.49999999884
1.99329900742,2.49999999884
1.99579501152,2.49999999884
1.99829602242,2.49999999884
2.00079011917,2.49999999884
2.00328302383,2.49999999884
2.00577807426,2.49999999884
2.00827908516,2.49999999884
2.01077508926,2.49999999884
2.0132689476,2.49999999884
2.0157699585,2.49999999884
2.01826691628,2.49999999884
2.02076292038,2.49999999884
2.02327108383,2.49999999884
2.02575612068,2.49999999884
2.02825808525,2.49999999884
2.03074908257,2.49999999884
2.03324699402,2.49999999884
2.03573989868,2.49999999884
2.0382399559,2.49999999884
2.04073095322,2.49999999884
2.04323005676,2.49999999884
2.04572796822,2.49999999884
2.04822897911,2.49999999884
2.05072212219,2.49999999884
2.05321907997,2.49999999884
2.05571603775,2.49999999884
2.05821490288,2.49999999884
2.06070494652,2.49999999884
2.0632019043,2.49999999884
2.06569600105,2.49999999884
2.06820106506,2.49999999884
2.07069396973,2.49999999884
2.07318902016,2.49999999884
2.0756881237,2.49999999884
2.07819390297,2.49999999884
2.08067107201,2.49999999884
2.08317494392,2.49999999884
2.08567404747,2.49999999884
2.08817100525,2.49999999884
2.09069895744,2.49999999884
2.09316205978,2.49999999884
2.09565591812,2.49999999884
2.09815812111,2.49999999884
2.10064697266,2.49999999884
2.10314512253,2.49999999884
2.10564398766,2.49999999884
2.10814404488,2.49999999884
2.11063694954,2.49999999884
2.11313390732,2.49999999884
2.11562895775,2.49999999884
2.11812901497,2.49999999884
2.1206240654,2.49999999884
2.12312293053,2.49999999884
2.12561106682,2.49999999884
2.12813305855,2.49999999884
2.13061308861,2.49999999884
2.1331050396,2.49999999884
2.13560295105,2.49999999884
2.13810396194,2.49999999884
2.14059495926,2.49999999884
2.14309191704,2.49999999884
2.14558911324,2.49999999884
2.14809012413,2.49999999884
2.15058302879,2.49999999884
2.15307807922,2.49999999884
2.15557694435,2.49999999884
2.1580760479,2.49999999884
2.16057109833,2.49999999884
2.16306400299,2.49999999884
2.16557002068,2.49999999884
2.1680700779,2.49999999884
2.17055606842,2.49999999884
2.17305111885,2.49999999884
2.17554593086,2.49999999884
2.17806005478,2.49999999884
2.18054199219,2.49999999884
2.18304109573,2.49999999884
2.1855340004,2.49999999884
2.18806004524,2.49999999884
2.19052195549,2.49999999884
2.19302511215,2.49999999884
2.19551897049,2.49999999884
2.19805693626,2.49999999884
2.20051693916,2.49999999884
2.20301008224,2.49999999884
2.20550894737,2.49999999884
2.20804190636,2.49999999884
2.21049690247,2.49999999884
2.21300292015,2.49999999884
2.21548390388,2.49999999884
2.21799206734,2.49999999884
2.220484972,2.49999999884
2.22298407555,2.49999999884
2.22547793388,2.49999999884
2.22798204422,2.49999999884
2.23047089577,2.49999999884
2.23296904564,2.49999999884
2.23546600342,2.49999999884
2.23796701431,2.49999999884
2.24045705795,2.49999999884
2.24295711517,2.49999999884
2.24545192719,2.49999999884
2.24795389175,2.49999999884
2.25044608116,2.49999999884
2.25294089317,2.49999999884
2.2554359436,2.49999999884
2.25793910027,2.49999999884
2.26043105125,2.49999999884
2.26292896271,2.49999999884
2.26542401314,2.49999999884
2.26792097092,2.49999999884
2.2704179287,2.49999999884
2.27291512489,2.49999999884
2.27541089058,2.49999999884
2.27790808678,2.49999999884
2.28040599823,2.49999999884
2.28290200233,2.49999999884
2.28539395332,2.49999999884
2.28789997101,2.49999999884
2.2903881073,2.49999999884
2.29291796684,2.49999999884
2.29537510872,2.49999999884
2.29788589478,2.49999999884
2.30037498474,2.49999999884
2.30287098885,2.49999999884
2.3053689003,2.49999999884
2.30787396431,2.49999999884
2.31035590172,2.49999999884
2.31285810471,2.49999999884
2.31535506248,2.49999999884
2.31785392761,2.49999999884
2.32034707069,2.49999999884
2.32284092903,2.49999999884
2.32534193993,2.49999999884
2.32784509659,2.49999999884
2.33033895493,2.49999999884
2.33283090591,2.49999999884
2.33532595634,2.49999999884
2.33782911301,2.49999999884
2.340321064,2.49999999884
2.3428170681,2.49999999884
2.34532189369,2.49999999884
2.34780693054,2.49999999884
2.35030794144,2.49999999884
2.35280394554,2.49999999884
2.35530400276,2.49999999884
2.35780191422,2.49999999884
2.36029291153,2.49999999884
2.36278295517,2.49999999884
2.36528801918,2.49999999884
2.367800951,2.49999999884
2.37029409409,2.49999999884
2.37277793884,2.49999999884
2.37526988983,2.49999999884
2.37777590752,2.49999999884
2.38027000427,2.49999999884
2.38276410103,2.49999999884
2.38526201248,2.49999999884
2.38776493073,2.49999999884
2.39025807381,2.49999999884
2.39275097847,2.49999999884
2.39525008202,2.49999999884
2.39774703979,2.49999999884
2.40024089813,2.49999999884
2.40273809433,2.49999999884
2.40523099899,2.49999999884
2.40773296356,2.49999999884
2.41022706032,2.49999999884
2.41272091866,2.49999999884
2.41521811485,2.49999999884
2.41771912575,2.49999999884
2.42021107674,2.49999999884
2.42270803452,2.49999999884
2.42520594597,2.49999999884
2.42770409584,2.49999999884
2.43019890785,2.49999999884
2.43269705772,2.49999999884
2.43519091606,2.49999999884
2.43769693375,2.49999999884
2.44018507004,2.49999999884
2.44268393517,2.49999999884
2.44517612457,2.49999999884
2.44767904282,2.49999999884
2.45017194748,2.49999999884
2.45266795158,2.49999999884
2.45516991615,2.49999999884
2.45765995979,2.49999999884
2.46016907692,2.49999999884
2.462651968,2.49999999884
2.46515011787,2.49999999884
2.467648983,2.49999999884
2.47014498711,2.49999999884
2.47264099121,2.49999999884
2.47513699532,2.49999999884
2.47763895988,2.49999999884
2.48013210297,2.49999999884
2.48262906075,2.49999999884
2.48512411118,2.49999999884
2.48762202263,2.49999999884
2.49011397362,2.49999999884
2.49261307716,2.49999999884
2.4951069355,2.49999999884
2.49761104584,2.49999999884
2.50010299683,2.49999999884
2.50260090828,2.49999999884
2.50509405136,2.49999999884
2.50760507584,2.49999999884
2.51009297371,2.49999999884
2.51258802414,2.49999999884
2.5150809288,2.49999999884
2.51758599281,2.49999999884
2.52007102966,2.49999999884
2.522564888,2.49999999884
2.52506899834,2.49999999884
2.52756810188,2.49999999884
2.53006100655,2.49999999884
2.532558918,2.49999999884
2.5350549221,2.49999999884
2.5375521183,2.49999999884
2.54004597664,2.49999999884
2.54254508018,2.49999999884
2.54504489899,2.49999999884
2.5475358963,2.49999999884
2.5500330925,2.49999999884
2.55253100395,2.49999999884
2.55502796173,2.49999999884
2.5575299263,2.49999999884
2.56002092361,2.49999999884
2.56251597404,2.49999999884
2.56501293182,2.49999999884
2.56751704216,2.49999999884
2.57000899315,2.49999999884
2.57250404358,2.49999999884
2.57500100136,2.49999999884
2.57750105858,2.49999999884
2.57999396324,2.49999999884
2.58248996735,2.49999999884
2.58498597145,2.49999999884
2.58748698235,2.49999999884
2.58997607231,2.49999999884
2.59247493744,2.49999999884
2.59500288963,2.49999999884
2.59747695923,2.49999999884
2.59996891022,2.49999999884
2.60246396065,2.49999999884
2.60495996475,2.49999999884
2.60745811462,2.49999999884
2.60995197296,2.49999999884
2.61245203018,2.49999999884
2.61494708061,2.49999999884
2.61744499207,2.49999999884
2.6199400425,2.49999999884
2.62243700027,2.49999999884
2.6249320507,2.49999999884
2.62743496895,2.49999999884
2.62992596626,2.49999999884
2.63242197037,2.49999999884
2.63491892815,2.49999999884
2.63741707802,2.49999999884
2.6399140358,2.49999999884
2.64240789413,2.49999999884
2.64490199089,2.49999999884
2.64740204811,2.49999999884
2.64989995956,2.49999999884
2.65239691734,2.49999999884
2.65489006042,2.49999999884
2.65739393234,2.49999999884
2.65988612175,2.49999999884
2.66238307953,2.49999999884
2.66487908363,2.49999999884
2.66738605499,2.49999999884
2.66987490654,2.49999999884
2.67236495018,2.49999999884
2.67486596107,2.49999999884
2.67736196518,2.49999999884
2.67984890938,2.49999999884
2.68235707283,2.49999999884
2.68484997749,2.49999999884
2.68735098839,2.49999999884
2.6898329258,2.49999999884
2.6923429966,2.49999999884
2.69483804703,2.49999999884
2.69733691216,2.49999999884
2.69982910156,2.49999999884
2.70232391357,2.49999999884
2.70482397079,2.49999999884
2.70733809471,2.49999999884
2.70982289314,2.49999999884
2.7123169899,2.49999999884
2.71481108665,2.49999999884
2.71731090546,2.49999999884
2.71980404854,2.49999999884
2.72230195999,2.49999999884
2.72479701042,2.49999999884
2.7272939682,2.49999999884
2.72980308533,2.49999999884
2.73228502274,2.49999999884
2.73477602005,2.49999999884
2.73728609085,2.49999999884
2.73977899551,2.49999999884
2.74227309227,2.49999999884
2.74477005005,2.49999999884
2.74727010727,2.49999999884
2.74975895882,2.49999999884
2.75224804878,2.49999999884
2.75475311279,2.49999999884
2.75726008415,2.49999999884
2.75975108147,2.49999999884
2.76224589348,2.49999999884
2.76475405693,2.49999999884
2.76724505424,2.49999999884
2.76973605156,2.49999999884
2.77223110199,2.49999999884
2.77473092079,2.49999999884
2.77722811699,2.49999999884
2.779722929,2.49999999884
2.78221893311,2.49999999884
2.78471493721,2.49999999884
2.7872159481,2.49999999884
2.78971290588,2.49999999884
2.79220795631,2.49999999884
2.79470396042,2.49999999884
2.7972369194,2.49999999884
2.7996981144,2.49999999884
2.8021941185,2.49999999884
2.80468797684,2.49999999884
2.80718898773,2.49999999884
2.80968308449,2.49999999884
2.81217908859,2.49999999884
2.81467795372,2.49999999884
2.8171749115,2.49999999884
2.81966710091,2.49999999884
2.82216596603,2.49999999884
2.82466197014,2.49999999884
2.82715892792,2.49999999884
2.82965612411,2.49999999884
2.83214998245,2.49999999884
2.83464598656,2.49999999884
2.83714795113,2.49999999884
2.83964204788,2.49999999884
2.84213805199,2.49999999884
2.84463596344,2.49999999884
2.84713506699,2.49999999884
2.84962701797,2.49999999884
2.85212206841,2.49999999884
2.85461997986,2.49999999884
2.85712003708,2.49999999884
2.85961699486,2.49999999884
2.86211490631,2.49999999884
2.86460900307,2.49999999884
2.86710810661,2.49999999884
2.86959910393,2.49999999884
2.8721010685,2.49999999884
2.87459611893,2.49999999884
2.87709498405,2.49999999884
2.87958598137,2.49999999884
2.88208508492,2.49999999884
2.88458395004,2.49999999884
2.88708090782,2.49999999884
2.88957190514,2.49999999884
2.89206504822,2.49999999884
2.89456796646,2.49999999884
2.89706802368,2.49999999884
2.899559021,2.49999999884
2.9020678997,2.49999999884
2.90455698967,2.49999999884
2.90705490112,2.49999999884
2.9095480442,2.49999999884
2.91204190254,2.49999999884
2.91453909874,2.49999999884
2.91703891754,2.49999999884
2.91954302788,2.49999999884
2.92202997208,2.49999999884
2.92452812195,2.49999999884
2.92702507973,2.49999999884
2.9295129776,2.49999999884
2.93201708794,2.49999999884
2.93451404572,2.49999999884
2.93701505661,2.49999999884
2.93950009346,2.49999999884
2.94200110435,2.49999999884
2.94449496269,2.49999999884
2.94699811935,2.49999999884
2.94949412346,2.49999999884
2.95198607445,2.49999999884
2.95448493958,2.49999999884
2.95698809624,2.49999999884
2.95947790146,2.49999999884
2.96197891235,2.49999999884
2.96446108818,2.49999999884
2.96697211266,2.49999999884
2.96946501732,2.49999999884
2.9719619751,2.49999999884
2.97446107864,2.49999999884
2.97696089745,2.49999999884
2.97944998741,2.49999999884
2.98194909096,2.49999999884
2.98444795609,2.49999999884
2.98694801331,2.49999999884
2.98944091797,2.49999999884
2.99193692207,2.49999999884
2.99443006516,2.49999999884
2.99693012238,2.49999999884
2.99942588806,2.49999999884
3.00192308426,2.49999999884
3.00441789627,2.49999999884
3.00692200661,2.49999999884
3.00941205025,2.49999999884
3.01190710068,2.49999999884
3.01440095901,2.49999999884
3.01690411568,2.49999999884
3.01940107346,2.49999999884
3.02188801765,2.49999999884
3.02439188957,2.49999999884
3.02689599991,2.49999999884
3.02938199043,2.49999999884
3.03188109398,2.49999999884
3.03437709808,2.49999999884
3.03687810898,2.49999999884
3.03937101364,2.49999999884
3.04186892509,2.49999999884
3.04436302185,2.49999999884
3.04686594009,2.49999999884
3.04935407639,2.49999999884
3.05185508728,2.49999999884
3.05434989929,2.49999999884
3.05685210228,2.49999999884
3.0593419075,2.49999999884
3.06184005737,2.49999999884
3.06434202194,2.49999999884
3.06682896614,2.49999999884
3.06932711601,2.49999999884
3.07182908058,2.49999999884
3.07432389259,2.49999999884
3.07682490349,2.49999999884
3.07931804657,2.49999999884
3.08181405067,2.49999999884
3.0843091011,2.49999999884
3.08681106567,2.49999999884
3.08930206299,2.49999999884
3.09179997444,2.49999999884
3.09430193901,2.49999999884
3.09679389,2.49999999884
3.09932088852,2.49999999884
3.10178804398,2.49999999884
3.10428309441,2.49999999884
3.10678100586,2.49999999884
3.10927891731,2.49999999884
3.11177206039,2.49999999884
3.11427092552,2.49999999884
3.11677098274,2.49999999884
3.11926102638,2.49999999884
3.12176203728,2.49999999884
3.12425899506,2.49999999884
3.12674999237,2.49999999884
3.12925100327,2.49999999884
3.13174295425,2.49999999884
3.13423991203,2.49999999884
3.13674402237,2.49999999884
3.13923597336,2.49999999884
3.14173293114,2.49999999884
3.14422607422,2.49999999884
3.14672899246,2.49999999884
3.14922308922,2.49999999884
3.151720047,2.49999999884
3.15421295166,2.49999999884
3.15671491623,2.49999999884
3.15920805931,2.49999999884
3.16170597076,2.49999999884
3.16420102119,2.49999999884
3.16670107841,2.49999999884
3.16919398308,2.49999999884
3.17169308662,2.49999999884
3.17418909073,2.49999999884
3.17668890953,2.49999999884
3.17918205261,2.49999999884
3.18167495728,2.49999999884
3.18416500092,2.49999999884
3.18667411804,2.49999999884
3.18916702271,2.49999999884
3.19167804718,2.49999999884
3.19416189194,2.49999999884
3.19666409492,2.49999999884
3.1991519928,2.49999999884
3.20165205002,2.49999999884
3.20414400101,2.49999999884
3.20665407181,2.49999999884
3.20913505554,2.49999999884
3.21163511276,2.49999999884
3.21412611008,2.49999999884
3.21664309502,2.49999999884
3.21911907196,2.49999999884
3.22162389755,2.49999999884
3.22411704063,2.49999999884
3.22662711143,2.49999999884
3.22910499573,2.49999999884
3.23161101341,2.49999999884
3.23410511017,2.49999999884
3.23661208153,2.49999999884
3.23909306526,2.49999999884
3.24159908295,2.49999999884
3.24409604073,2.49999999884
3.24660110474,2.49999999884
3.24908900261,2.49999999884
3.25158190727,2.49999999884
3.25408101082,2.49999999884
3.25658798218,2.49999999884
3.25907492638,2.49999999884
3.26157093048,2.49999999884
3.26406598091,2.49999999884
3.26662492752,2.49999999884
3.26906490326,2.49999999884
3.27155709267,2.49999999884
3.27405405045,2.49999999884
3.27658200264,2.49999999884
3.27904701233,2.49999999884
3.28154611588,2.49999999884
3.28403902054,2.49999999884
3.2865691185,2.49999999884
3.28903198242,2.49999999884
3.29154491425,2.49999999884
3.29402589798,2.49999999884
3.29655599594,2.49999999884
3.29902100563,2.49999999884
3.30151700974,2.49999999884
3.30401492119,2.49999999884
3.30654406548,2.49999999884
3.30900406837,2.49999999884
3.3115041256,2.49999999884
3.31399798393,2.49999999884
3.31652998924,2.49999999884
3.31899690628,2.49999999884
3.32148790359,2.49999999884
3.32398509979,2.49999999884
3.32650709152,2.49999999884
3.32898807526,2.49999999884
3.33147907257,2.49999999884
3.33396911621,2.49999999884
3.33649706841,2.49999999884
3.33896589279,2.49999999884
3.34146094322,2.49999999884
3.34396004677,2.49999999884
3.34650611877,2.49999999884
3.34895896912,2.49999999884
3.35144805908,2.49999999884
3.35394406319,2.49999999884
3.35644412041,2.49999999884
3.35893702507,2.49999999884
3.3614320755,2.49999999884
3.36392903328,2.49999999884
3.36642694473,2.49999999884
3.36892795563,2.49999999884
3.37141799927,2.49999999884
3.37391400337,2.49999999884
3.37641310692,2.49999999884
3.37891411781,2.49999999884
3.3814060688,2.49999999884
3.3839070797,2.49999999884
3.38639307022,2.49999999884
3.38889789581,2.49999999884
3.39139294624,2.49999999884
3.39389204979,2.49999999884
3.39638710022,2.49999999884
3.39889001846,2.49999999884
3.40142893791,2.49999999884
3.40387296677,2.49999999884
3.40637207031,2.49999999884
3.40887403488,2.49999999884
3.41136598587,2.49999999884
3.41386008263,2.49999999884
3.41635894775,2.49999999884
3.41885900497,2.49999999884
3.42135310173,2.49999999884
3.42384791374,2.49999999884
3.42634606361,2.49999999884
3.42885398865,2.49999999884
3.4313390255,2.49999999884
3.43383908272,2.49999999884
3.43633508682,2.49999999884
3.4388320446,2.49999999884
3.44132709503,2.49999999884
3.44688200951,2.49999999884
3.44882798195,2.49999999884
3.45131397247,2.49999999884
3.45380592346,2.49999999884
3.45630002022,2.49999999884
3.45880293846,2.49999999884
3.46129393578,2.49999999884
3.46380805969,2.49999999884
3.46628594398,2.49999999884
3.46879196167,2.49999999884
3.47128105164,2.49999999884
3.47377991676,2.49999999884
3.47627091408,2.49999999884
3.47877597809,2.49999999884
3.48126792908,2.49999999884
3.48376393318,2.49999999884
3.48626208305,2.49999999884
3.48876595497,2.49999999884
3.49126005173,2.49999999884
3.49375200272,2.49999999884
3.49624991417,2.49999999884
3.49875092506,2.49999999884
3.50124502182,2.49999999884
3.50374293327,2.49999999884
3.50623893738,2.49999999884
3.50873804092,2.49999999884
3.51123094559,2.49999999884
3.51373195648,2.49999999884
3.51622700691,2.49999999884
3.51872491837,2.49999999884
3.52121901512,2.49999999884
3.52371191978,2.49999999884
3.52621197701,2.49999999884
3.52870798111,2.49999999884
3.53120493889,2.49999999884
3.53370189667,2.49999999884
3.53619790077,2.49999999884
3.53869700432,2.49999999884
3.54119205475,2.49999999884
3.54368591309,2.49999999884
3.54618310928,2.49999999884
3.54868292809,2.49999999884
3.55117702484,2.49999999884
3.55367207527,2.49999999884
3.55616903305,2.49999999884
3.55867099762,2.49999999884
3.56116390228,2.49999999884
3.56365799904,2.49999999884
3.56615400314,2.49999999884
3.56865501404,2.49999999884
3.57115197182,2.49999999884
3.57364106178,2.49999999884
3.57614398003,2.49999999884
3.5786459446,2.49999999884
3.58114004135,2.49999999884
3.58362603188,2.49999999884
3.5861260891,2.49999999884
3.58862400055,2.49999999884
3.591121912,2.49999999884
3.59361004829,2.49999999884
3.5961151123,2.49999999884
3.59861207008,2.49999999884
3.60110807419,2.49999999884
3.60363912582,2.49999999884
3.60610389709,2.49999999884
3.60860109329,2.49999999884
3.61109304428,2.49999999884
3.61359190941,2.49999999884
3.61609697342,2.49999999884
3.6185901165,2.49999999884
3.62107992172,2.49999999884
3.62357497215,2.49999999884
3.62607598305,2.49999999884
3.62856507301,2.49999999884
3.6310710907,2.49999999884
3.63356399536,2.49999999884
3.63607311249,2.49999999884
3.63856005669,2.49999999884
3.64104604721,2.49999999884
3.64354896545,2.49999999884
3.64604711533,2.49999999884
3.64854693413,2.49999999884
3.65104293823,2.49999999884
3.65353488922,2.49999999884
3.65603494644,2.49999999884
3.65853595734,2.49999999884
3.66102790833,2.49999999884
3.66352009773,2.49999999884
3.66602301598,2.49999999884
3.6685230732,2.49999999884
3.67101192474,2.49999999884
3.67351198196,2.49999999884
3.6760020256,2.49999999884
3.67850804329,2.49999999884
3.68099999428,2.49999999884
3.68349409103,2.49999999884
3.68599200249,2.49999999884
3.68849110603,2.49999999884
3.69098711014,2.49999999884
3.69348406792,2.49999999884
3.69597792625,2.49999999884
3.69847798347,2.49999999884
3.70097208023,2.49999999884
3.70346593857,2.49999999884
3.70596694946,2.49999999884
3.70846390724,2.49999999884
3.71096301079,2.49999999884
3.71345710754,2.49999999884
3.71595311165,2.49999999884
3.71844911575,2.49999999884
3.72094511986,2.49999999884
3.72344112396,2.49999999884
3.72593808174,2.49999999884
3.72843694687,2.49999999884
3.73093295097,2.49999999884
3.73342704773,2.49999999884
3.73592400551,2.49999999884
3.73842406273,2.49999999884
3.74091601372,2.49999999884
3.74341201782,2.49999999884
3.74590992928,2.49999999884
3.74841094017,2.49999999884
3.75090694427,2.49999999884
3.75340199471,2.49999999884
3.75589394569,2.49999999884
3.75839710236,2.49999999884
3.76089000702,2.49999999884
3.7633869648,2.49999999884
3.76588106155,2.49999999884
3.7683839798,2.49999999884
3.77087497711,2.49999999884
3.77337288857,2.49999999884
3.77587199211,2.49999999884
3.77836990356,2.49999999884
3.78086304665,2.49999999884
3.78336191177,2.49999999884
3.7858569622,2.49999999884
3.78835391998,2.49999999884
3.79084992409,2.49999999884
3.79333996773,2.49999999884
3.79583907127,2.49999999884
3.79834294319,2.49999999884
3.80083608627,2.49999999884
3.80333399773,2.49999999884
3.80582904816,2.49999999884
3.80833911896,2.49999999884
3.81082201004,2.49999999884
3.81331992149,2.49999999884
3.81581401825,2.49999999884
3.81831789017,2.49999999884
3.8208091259,2.49999999884
3.82330203056,2.49999999884
3.82579994202,2.49999999884
3.82829999924,2.49999999884
3.83079409599,2.49999999884
3.83329796791,2.49999999884
3.8357770443,2.49999999884
3.838285923,2.49999999884
3.84077811241,2.49999999884
3.84327507019,2.49999999884
3.84577012062,2.49999999884
3.84826898575,2.49999999884
3.85076594353,2.49999999884
3.8532640934,2.49999999884
3.85575890541,2.49999999884
3.85826802254,2.49999999884
3.86074590683,2.49999999884
3.86324691772,2.49999999884
3.86574411392,2.49999999884
3.86824607849,2.49999999884
3.87073612213,2.49999999884
3.87323689461,2.49999999884
3.87573099136,2.49999999884
3.87823200226,2.49999999884
3.88073205948,2.49999999884
3.88322591782,2.49999999884
3.88571596146,2.49999999884
3.88821601868,2.49999999884
3.89070391655,2.49999999884
3.89320802689,2.49999999884
3.89570307732,2.49999999884
3.898209095,2.49999999884
3.90069007874,2.49999999884
3.90319299698,2.49999999884
3.90572190285,2.49999999884
3.9081890583,2.49999999884
3.91068291664,2.49999999884
3.91317892075,2.49999999884
3.91567492485,2.49999999884
3.91817808151,2.49999999884
3.92066907883,2.49999999884
3.92316603661,2.49999999884
3.92565989494,2.49999999884
3.92815899849,2.49999999884
3.93067002296,2.49999999884
3.93315410614,2.49999999884
3.93564796448,2.49999999884
3.93814611435,2.49999999884
3.94063901901,2.49999999884
3.94314694405,2.49999999884
3.94563508034,2.49999999884
3.94813299179,2.49999999884
3.95062589645,2.49999999884
3.95313596725,2.49999999884
3.95561599731,2.49999999884
3.95811891556,2.49999999884
3.96061205864,2.49999999884
3.96310400963,2.49999999884
3.9656059742,2.49999999884
3.96810793877,2.49999999884
3.97059893608,2.49999999884
3.97309494019,2.49999999884
3.97558808327,2.49999999884
3.97808694839,2.49999999884
3.98058509827,2.49999999884
3.98308610916,2.49999999884
3.98558092117,2.49999999884
3.98808312416,2.49999999884
3.9905769825,2.49999999884
3.99307489395,2.49999999884
3.99557089806,2.49999999884
3.99807906151,2.49999999884
4.00055909157,2.49999999884
4.00306892395,2.49999999884
4.00555706024,2.49999999884
4.00811004639,2.49999999884
4.01054596901,2.49999999884
4.01304292679,2.49999999884
4.01554107666,2.49999999884
4.01805996895,2.49999999884
4.02053499222,2.49999999884
4.02304601669,2.49999999884
4.02552890778,2.49999999884
4.02806210518,2.49999999884
4.03052401543,2.49999999884
4.03302001953,2.49999999884
4.03551793098,2.49999999884
4.03804397583,2.49999999884
4.04051399231,2.49999999884
4.0430059433,2.49999999884
4.04549694061,2.49999999884
4.04799890518,2.49999999884
4.05049300194,2.49999999884
4.05299711227,2.49999999884
4.05547904968,2.49999999884
4.05798697472,2.49999999884
4.06046795845,2.49999999884
4.06297397614,2.49999999884
4.06546998024,2.49999999884
4.06796312332,2.49999999884
4.07047009468,2.49999999884
4.07296204567,2.49999999884
4.07545495033,2.49999999884
4.07795500755,2.49999999884
4.08044409752,2.49999999884
4.08294892311,2.49999999884
4.08544802666,2.49999999884
4.08795189857,2.49999999884
4.09043908119,2.49999999884
4.09293889999,2.49999999884
4.09543800354,2.49999999884
4.09792900085,2.49999999884
4.10042905807,2.49999999884
4.10292601585,2.49999999884
4.10542607307,2.49999999884
4.10795402527,2.49999999884
4.11041498184,2.49999999884
4.11291503906,2.49999999884
4.11541008949,2.49999999884
4.1179049015,2.49999999884
4.12040400505,2.49999999884
4.12290000916,2.49999999884
4.12539601326,2.49999999884
4.12789201736,2.49999999884
4.13037610054,2.49999999884
4.13288402557,2.49999999884
4.13537812233,2.49999999884
4.13787508011,2.49999999884
4.14037704468,2.49999999884
4.14287304878,2.49999999884
4.1453640461,2.49999999884
4.14786195755,2.49999999884
4.15035390854,2.49999999884
4.15286111832,2.49999999884
4.15534901619,2.49999999884
4.15784811974,2.49999999884
4.16036105156,2.49999999884
4.16283202171,2.49999999884
4.16534399986,2.49999999884
4.16783690453,2.49999999884
4.17033410072,2.49999999884
4.17282390594,2.49999999884
4.17532491684,2.49999999884
4.17782306671,2.49999999884
4.18031191826,2.49999999884
4.18281602859,2.49999999884
4.18531012535,2.49999999884
4.18780899048,2.49999999884
4.19030094147,2.49999999884
4.19280409813,2.49999999884
4.19530200958,2.49999999884
4.19779706001,2.49999999884
4.20029497147,2.49999999884
4.20278501511,2.49999999884
4.20528793335,2.49999999884
4.20779109001,2.49999999884
4.21027207375,2.49999999884
4.21276307106,2.49999999884
4.21527290344,2.49999999884
4.21776390076,2.49999999884
4.2202630043,2.49999999884
4.22275590897,2.49999999884
4.22525310516,2.49999999884
4.22774791718,2.49999999884
4.23024892807,2.49999999884
4.23274493217,2.49999999884
4.23524594307,2.49999999884
4.2377409935,2.49999999884
4.24023604393,2.49999999884
4.24273490906,2.49999999884
4.2452249527,2.49999999884
4.24772500992,2.49999999884
4.25022006035,2.49999999884
4.25272202492,2.49999999884
4.25521802902,2.49999999884
4.25770711899,2.49999999884
4.26020908356,2.49999999884
4.26270699501,2.49999999884
4.26520490646,2.49999999884
4.26770091057,2.49999999884
4.27020001411,2.49999999884
4.27269601822,2.49999999884
4.27518391609,2.49999999884
4.27768993378,2.49999999884
4.28017807007,2.49999999884
4.28268098831,2.49999999884
4.2851729393,2.49999999884
4.28767704964,2.49999999884
4.2901699543,2.49999999884
4.2926659584,2.49999999884
4.29516005516,2.49999999884
4.29766201973,2.49999999884
4.30015897751,2.49999999884
4.30265307426,2.49999999884
4.30514812469,2.49999999884
4.3076479435,2.49999999884
4.31013989449,2.49999999884
4.31263709068,2.49999999884
