0.00170183181763,0.916131569538
0.00341486930847,1.186967541
0.00590586662292,3.85623061913
0.00834488868713,0.0660617125686
0.0108408927917,2.23628539243
0.0133340358734,2.49365261407
0.0158319473267,0.371714145876
0.0183339118958,4.09116106341
0.0208258628845,1.12734842929
0.0233199596405,1.35891078855
0.0258209705353,4.12009541993
0.0283188819885,2.5
0.0308148860931,4.06861471478
0.0333058834076,0.54515446187
0.0358068943024,4.82296874281
0.0383038520813,2.78024466941
0.0408008098602,4.34927048627
0.0432908535004,1.63557546446
0.0457859039307,1.78225204581
0.0482938289642,4.59585653618
0.0507838726044,0.0877610547468
0.053279876709,2.22564078169
0.0557758808136,2.14823375805
0.0582759380341,4.86884326325
0.0608098506927,3.32867412828
0.0632638931274,0.567023694748
0.0657608509064,0.783799323253
0.0682649612427,3.79048534669
0.0707569122314,2.5
0.0732548236847,3.63424238167
0.075749874115,0.839849307667
0.078243970871,0.657540971879
0.0807499885559,3.47089409246
0.0832438468933,4.90161553258
0.0857329368591,2.06006527646
0.0882308483124,2.24751812639
0.0907299518585,0.196244710824
0.0932309627533,4.58687849576
0.0957198143005,1.81740577682
0.0982179641724,1.44740418298
0.100730895996,4.27418377949
0.103224039078,2.91904384037
0.105712890625,0.0335312390234
0.108204841614,0.57637713966
0.110707998276,4.2575592245
0.113204956055,2.60232343455
0.115698814392,4.37253534561
0.118189811707,1.40985947801
0.120687961578,0.996867924696
0.123189926147,4.06341158436
0.125681877136,0.569388297154
0.128175973892,2.49999999884
0.13067483902,2.06923610065
0.133177042007,4.84146541567
0.135673046112,3.95443987916
0.138161897659,1.32973157335
0.140658855438,0.816205980955
0.143168926239,3.56441785814
0.145754814148,2.5
0.14823102951,4.19661644031
0.150660991669,0.694907434518
0.153149843216,4.60529744043
0.155644893646,3.00584354904
0.158146858215,4.9869721185
0.160631895065,2.12872449891
0.16312789917,1.57585826819
0.165634870529,4.65117980842
0.168123006821,0.245304256678
0.170621871948,2.36064879224
0.173115968704,1.59378635464
0.175617933273,4.25103454851
0.178114891052,3.27121470007
0.180605888367,0.688728139503
0.183100938797,0.408242231933
0.185602903366,3.34443608997
0.188098907471,2.5
0.19060087204,4.1793716047
0.193087816238,1.31531280116
0.195583820343,0.348157676635
0.198083877563,3.72629158432
0.200579881668,0.431440082612
0.203073978424,2.48541807174
0.205571889877,2.13751048548
0.208076000214,4.96104001184
0.210578918457,4.53458059463
0.213053941727,1.89551490359
0.215559005737,0.901098889299
0.218060970306,3.72919394285
0.220559835434,2.91307328851
0.223044872284,0.0944391242228
0.225543022156,0.604351077927
0.228044986725,4.04744941043
0.230543851852,2.88652532734
0.233040809631,4.92130431929
0.235530853271,1.83478813968
0.238024950027,0.735024502501
0.240528821945,4.33675639564
0.243021011353,0.939719445305
0.245517015457,2.49999999884
0.24800992012,1.51903135586
0.250517845154,4.34556366643
0.25301194191,3.98896364029
0.25550198555,1.37399250641
0.257995843887,0.30300505925
0.260504961014,3.09367021895
0.263031005859,2.5
0.265493869781,4.39555111807
0.267982959747,0.945218583802
0.270490884781,4.33267466724
0.272985935211,3.41391042806
0.275476932526,0.599928377196
0.277971029282,2.47699788888
0.280470848083,1.38213104452
0.282968997955,4.63281562435
0.285461902618,0.303934448166
0.287955999374,2.33962657396
0.290455818176,0.966236325912
0.292954921722,3.65140235517
0.295454025269,3.36394993472
0.297942876816,0.656939252513
0.300439834595,0.151937420014
0.302942037582,3.03613682743
0.30544090271,2.62952376273
0.30793595314,4.81110685621
0.310436010361,1.70976931811
0.312918901443,0.0295776268467
0.315424919128,4.09437238355
0.317916870117,0.963750594528
0.320415019989,2.49999999884
0.322907924652,1.74414330977
0.325412034988,4.50397568173
0.327908039093,4.64905964211
0.330402851105,1.81681054761
0.332895040512,0.382161991438
0.335402965546,3.21014357265
0.337890863419,3.01739130053
0.340387821198,0.0941983493976
0.342881917953,0.729372777278
0.345383882523,3.78585867817
0.347882032394,3.32822852652
0.350373983383,0.457404460758
0.352879047394,2.16229806887
0.355366945267,0.541090294719
0.357868909836,4.58854119293
0.360361814499,1.19997205911
0.362854957581,2.49999999884
0.365352869034,0.931131636025
0.367852926254,3.8524851168
0.370352983475,4.15836973814
0.372838973999,1.22392592137
0.37534403801,4.86814797739
0.377840995789,2.73009562632
0.380342006683,2.69953367417
0.382833003998,4.91399514256
0.385325908661,1.20715789148
0.387823820114,4.08457748941
0.39032793045,3.95147385425
0.392813920975,1.19958054624
0.395311832428,2.49999999884
0.39780497551,1.24741724459
0.400311946869,4.52737660729
0.402799844742,0.478049970698
0.405297040939,2.17928367667
0.407794952393,0.33385460265
0.41029882431,3.1133096898
0.412792921066,3.54903346626
0.415284872055,0.538207105128
0.417778015137,0.0414977921173
0.420282840729,2.87760149804
0.422780990601,3.11778645497
0.425271034241,0.443974218797
0.42776799202,1.95061848382
0.430270910263,4.79283577297
0.432763814926,4.46559366072
0.435254812241,1.45984727074
0.437753915787,2.49999999884
0.44025182724,1.13823557622
0.44275188446,3.99540607468
0.445250988007,4.8827550828
0.447739839554,1.5516689932
0.450242996216,4.86319269403
0.452738046646,2.74035917479
0.455233812332,3.13956693048
0.457726955414,0.168248568662
0.460224866867,0.896764126373
0.462724924088,3.57485994464
0.465220928192,3.84870392154
0.467712879181,1.0030664003
0.47020983696,2.34609183972
0.472705841064,0.439077651827
0.475208044052,4.67335624504
0.477699041367,1.33222983219
0.480202913284,2.35856960062
0.482682943344,0.369944074191
0.485193014145,3.41120900004
0.48768901825,4.43198035238
0.490183830261,0.946855524089
0.492684841156,4.61203304119
0.495180845261,2.55137628526
0.497676849365,3.19914150983
0.500181913376,0.432940352475
0.502661943436,1.35291900719
0.505167007446,3.94691327238
0.507661819458,4.5209812012
0.510154008865,1.78043122869
0.51265001297,2.49999999884
0.515147924423,0.94828594476
0.517647981644,4.26451905281
0.520144939423,0.700912880711
0.522634983063,1.83741461253
0.52513885498,4.72373636556
0.527635812759,2.70668634912
0.530133008957,3.74455010751
0.532624006271,0.470170255285
0.535117864609,0.036224379437
0.537621974945,2.81044730335
0.540118932724,3.70907660341
0.542606830597,1.06238274719
0.545102834702,2.00787432375
0.547607898712,4.70278557274
0.550107002258,4.79131461703
0.552594900131,1.87155490625
0.555088996887,2.49999999884
0.557588815689,0.505694635212
0.560091972351,3.55441086576
0.56257891655,0.160758203128
0.565114974976,1.1793629569
0.567572832108,4.33782500215
0.570077896118,2.5
0.572571992874,3.23759025894
0.575063943863,0.38611596101
0.577560901642,0.929290758213
0.580063819885,3.47720901365
0.582557916641,4.37316881027
0.58504986763,1.53833538759
0.587543964386,2.38648206228
0.590042829514,0.392185740639
0.592545986176,4.58653872018
0.595034837723,1.49818025297
0.59753203392,1.9574432692
0.60004901886,4.82688166318
0.602533817291,3.05108612403
0.605029821396,4.70170365181
0.607517957687,0.715365287615
0.610024929047,4.5585712546
0.612516880035,2.54331552656
0.615013837814,3.77033701632
0.61750292778,0.932344379835
0.620003938675,1.32479428197
0.622505903244,3.97334789974
0.624996900558,0.0587645918131
0.627491950989,2.23227667972
0.629989862442,2.49999999884
0.632485866547,0.377165859099
0.634985923767,4.00491785142
0.637480020523,0.987205691636
0.639976024628,1.35714886012
0.642477989197,4.14005915052
0.644973039627,2.5
0.647472858429,3.90909224981
0.649965047836,0.523097068071
0.65246295929,4.96556065627
0.654959917068,2.84577138489
0.657455921173,4.3533220666
0.659948825836,1.64766849834
0.662446022034,1.89735949738
0.664960861206,4.70308901859
0.66743683815,0.0148252898362
0.669934034348,2.14166771621
0.672430992126,2.1326708945
0.674930810928,4.86593069974
0.677429914474,3.26329891803
0.679921865463,0.414979171474
0.682415962219,0.776567066787
0.684919834137,3.85401424253
0.687414884567,2.5
0.689913034439,3.5974332958
0.692404031754,0.840333688539
0.694900989532,0.791062737117
0.697402954102,3.54600885068
0.699900865555,4.88367156475
0.702392816544,2.04629277927
0.704881906509,2.38432180369
0.707391023636,0.344457292231
0.709887981415,4.468693526
0.712376832962,1.69362021377
0.714871883392,1.45074658911
0.717373847961,4.29412754602
0.719872951508,2.85643339972
0.722363948822,4.87944255467
0.724860906601,0.582377224928
0.727360010147,4.41195344902
0.729861021042,2.64236101299
0.732353925705,4.35375467292
0.734840869904,1.41951186699
0.73733997345,1.14492671448
0.739843845367,4.15025565773
0.742332935333,0.527662388049
0.744829893112,2.49999999884
0.747328996658,2.08711123094
0.749830007553,4.85361996223
0.752323865891,3.85128677823
0.754815816879,1.20656568091
0.757311820984,0.819474329473
0.759816884995,3.5894752515
0.762312889099,2.5
0.764809846878,4.0389406262
0.767333030701,0.698105164338
0.769804954529,4.76105246227
0.772298812866,3.04945929325
0.774792909622,4.98449530685
0.777285814285,2.13941063266
0.779783964157,1.71258203685
0.782286882401,4.72471574438
0.784783840179,0.105388229713
0.787276029587,2.26089298492
0.789772033691,1.59329807386
0.792273044586,4.23682196415
0.794764995575,3.16296569421
0.797258853912,0.558334738016
0.799755811691,0.436649681069
0.802256822586,3.42532439856
0.804754018784,2.5
0.807248830795,4.17761826538
0.809743881226,1.35320164729
0.812233924866,0.506274807267
0.814738988876,3.78240668564
0.817232847214,0.40389955393
0.819738864899,2.4761057226
0.82222700119,2.20284779905
0.824721813202,0.009258040227
0.827222824097,4.41479407949
0.829718828201,1.79406700656
0.832211971283,0.903733134037
0.834710836411,3.74407652416
0.837211847305,2.82336709322
0.83970785141,4.96267905226
0.84219789505,0.644733143272
0.844710826874,4.20312507427
0.84719991684,2.91071921587
0.84969496727,4.90843226435
0.852185964584,1.86909017735
0.854677915573,0.902472734451
0.857182979584,4.39288524678
0.859674930573,0.859628497856
0.862169981003,2.49999999884
0.864665031433,1.53434375767
0.867167949677,4.34243258671
0.869673013687,3.85835655616
0.872157812119,1.26998270163
0.874649047852,0.326854941668
0.877154827118,3.13729186542
0.879655838013,2.5
0.882148981094,4.35465964722
0.884636878967,1.00346908672
0.887142896652,4.50138521148
0.889644861221,3.45355641213
0.892122983932,0.612460414413
0.894623994827,2.49999999884
0.897120952606,1.5325577138
0.899632930756,4.67705570161
0.902110815048,0.157662995625
0.904611825943,2.26862983196
0.907109975815,0.963795308489
0.909620046616,3.63434948144
0.912101984024,3.23437513667
0.914597034454,0.532264013309
0.917094945908,0.205663503148
0.919607877731,3.14059655066
0.922086000443,2.63774142135
0.924592018127,4.81106868712
0.927079916,1.75812560017
0.929584980011,0.189311183058
0.932075023651,4.12423034199
0.934569835663,0.93397752149
0.937067985535,2.49999999884
0.939569950104,1.75590170315
0.942061901093,4.49268829427
0.944561958313,4.49197424925
0.947053909302,1.73595033353
0.949558019638,0.392682733946
0.952044010162,3.21597887669
0.954548835754,2.89633153239
0.95704293251,4.97741297586
0.95955491066,0.818224606337
0.96203994751,3.94146538922
0.964536905289,3.33481733571
0.967025995255,0.441110417014
0.969528913498,2.2038110625
0.972018957138,0.715104348492
0.974524021149,4.58236563951
0.977012872696,1.0155791475
0.979583978653,2.49999999884
0.982007026672,0.950322998688
0.984504938126,3.84588754969
0.987004041672,4.01133977924
0.989526987076,1.14105874905
0.991999864578,4.94528511656
0.994495868683,2.81491392059
0.996989011765,2.69252460334
0.999521970749,4.90346809383
1.00198101997,1.29328242503
1.00448083878,4.24194484367
1.00697684288,3.95754828933
1.0095000267,1.19194854517
1.0119638443,2.49999999884
1.01446294785,1.40626446111
1.01696681976,4.53595675644
1.01948189735,0.313202433754
1.02195096016,2.13169182418
1.02444696426,0.333745194366
1.02695202827,3.08999276138
1.02947592735,3.39717459632
1.03193998337,0.446175101679
1.03444886208,0.173896317137
1.03693604469,3.01530174096
1.0394308567,3.11683606007
1.04192781448,0.432686093263
1.04442095757,2.0144593087
1.04692292213,4.94960046373
1.04941987991,4.46902088239
1.05191397667,1.40796514344
1.0544090271,2.49999999884
1.05690383911,1.13979004323
1.05940699577,3.95065691206
1.0619058609,4.70329424599
1.06440591812,1.49882669561
1.06689786911,4.89460573648
1.06943297386,2.75786353275
1.07189488411,2.98348340439
1.0743830204,0.0616753217764
1.07687902451,1.00157792913
1.07938194275,3.71075726347
1.08187890053,3.84900869802
1.08436703682,0.993500710465
1.0868639946,2.4144549889
1.08936285973,0.612649676623
1.09186601639,4.64087610482
1.09435296059,1.16563224816
1.09684991837,2.3332641623
1.09934687614,0.387080953224
1.10184502602,3.3949799859
1.10433983803,4.27403917303
1.10682988167,0.911347002257
1.10933184624,4.75274719531
1.1118388176,2.64674613602
1.114331007,3.18657612079
1.11681985855,0.414742836729
1.11931800842,1.43995264545
1.12182283401,4.0859390446
1.12431788445,4.5185930084
1.12680888176,1.76531087025
1.12930297852,2.49999999884
1.13180184364,0.968490858795
1.13430595398,4.20624893275
1.13679099083,0.531345239142
1.13929200172,1.81253352901
1.14179682732,4.7330563271
1.14428901672,2.68923988449
1.1467859745,3.58116118819
1.14927697182,0.405291551724
1.15177297592,0.164283970371
1.15427684784,2.91149668396
1.15677404404,3.71217092732
1.15926384926,1.05937279179
1.16175985336,2.09757429897
1.16426181793,4.84119327739
1.16676092148,4.75136042805
1.16924786568,1.77615049644
1.17174887657,2.49999999884
1.174243927,0.498099366669
1.17674589157,3.48159566172
1.17924189568,4.98684048071
1.18173503876,1.14173346083
1.18423485756,4.36018342036
1.18672895432,2.5
1.18922591209,3.13363463618
1.1917219162,0.353175500641
1.19421291351,1.05588244041
1.19671702385,3.58499657013
1.19921302795,4.3590859673
1.20170903206,1.52162447223
1.20420098305,2.47182961204
1.20669388771,0.548074630788
1.20919704437,4.53114363132
1.21169495583,1.35461073369
1.21418786049,1.95044013439
1.21668887138,4.85088058631
1.21918582916,3.02342051757
1.22168397903,4.53697085963
1.22417187691,0.679623092292
1.22667598724,4.68722678372
1.22917294502,2.61494334671
1.23167085648,3.75889177201
1.23415994644,0.932257670211
1.23665785789,1.4509098581
1.23915696144,4.08614482032
1.24165201187,0.029794764705
1.24414682388,2.19692684477
1.24663901329,2.49999999884
1.24913692474,0.395175223239
1.25164604187,3.94736133516
1.2541308403,0.843371707015
1.25662684441,1.34231555508
1.25913095474,4.1497033136
1.26162791252,2.5
1.26412200928,3.74069974292
1.26661396027,0.493948529474
1.26911091805,0.12103453395
1.27161884308,2.91829078924
1.27410984039,4.3438156147
1.27659893036,1.64443445625
1.27909803391,2.006609214
1.28160190582,4.81014115619
1.2840988636,4.92670126026
1.28658795357,2.03158821445
1.2890818119,2.13153920369
1.29158687592,4.86883247737
1.29408383369,3.19574535126
1.29658484459,0.26296643191
1.29907393456,0.773620330729
1.30157399178,3.9114487695
1.30406904221,2.5
1.30656599998,3.55494943215
1.3090569973,0.834457662422
1.31156086922,0.92429058277
1.31404781342,3.61745414557
1.31655097008,4.87010742887
1.31904101372,2.05730276066
1.32153987885,2.46863431996
1.32403492928,0.427440276835
1.32653784752,4.36020571738
1.32902789116,1.5649448859
1.33152890205,1.45453947945
1.33402895927,4.31568552507
1.3365240097,2.79990340583
1.33901882172,4.73297755816
1.34151482582,0.602419372881
1.34401488304,4.58346162923
1.3465089798,2.69281352754
1.34900784492,4.3385163811
1.35150003433,1.42043142114
1.35399389267,1.28525735112
1.35649800301,4.22886258457
1.35898685455,0.445892487187
1.36148500443,2.48859799001
1.36397981644,2.0891611767
1.3664829731,4.84989090241
1.3689789772,3.74275814393
1.37150287628,1.08056466561
1.3739669323,0.836436724057
1.37647891045,3.63435955485
1.37896895409,2.5
1.38146781921,3.88239448774
1.38395500183,0.703446648549
1.38645887375,4.92689360166
1.38895201683,3.09710942325
1.39145088196,4.98053455492
1.39393901825,2.14891358977
1.39644289017,1.84544720105
1.39893102646,4.80707927956
1.40143585205,4.96180883609
1.40392684937,2.15296797105
1.40642499924,1.59788342775
1.40892791748,4.24770497251
1.41142296791,3.07299600448
1.41391181946,0.412943507545
1.41640996933,0.461237863638
1.41891098022,3.52011154988
1.42140889168,2.5
1.42390394211,4.1646963777
1.42639493942,1.3729986269
1.42888903618,0.657865301473
1.43139600754,3.83342009387
1.43388581276,0.379167163046
1.43638801575,2.46675369213
1.43887901306,2.243835181
1.44137597084,0.0281932030339
1.44387793541,4.27533223177
1.44636797905,1.69018202694
1.4488658905,0.922093461268
1.45137000084,3.77174178371
1.4538629055,2.74141301983
1.45636200905,4.82036694419
1.4588508606,0.679387017153
1.46135497093,4.36573764193
1.46385097504,2.9408985679
1.4663438797,4.8922246811
1.46883392334,1.88437887235
1.47133493423,1.06255260645
1.47383499146,4.44263326004
1.47632694244,0.753203408094
1.47882390022,2.49999999884
1.481320858,1.55471793143
1.4838218689,4.35690889833
1.48632001877,3.74448073097
1.48880982399,1.16430916591
1.49131083488,0.357873978792
1.49381089211,3.19756892277
1.49630498886,2.5
1.49880290031,4.32567897486
1.5012948513,1.02921870304
1.50379681587,4.66105432599
1.50629281998,3.47862160299
1.50878190994,0.597656674217
1.51128196716,2.49999999884
1.51377487183,1.6801068082
1.5162768364,4.73074145964
1.51876997948,0.0193660275545
1.5212688446,2.20205422956
1.52375793457,0.985664464533
1.52626299858,3.63781204447
1.52875900269,3.11758495984
1.53125190735,0.420710227918
1.53374695778,0.273935168516
1.53624796867,3.26733416645
1.53874588013,2.6469174528
1.54125404358,4.81134265079
1.54373884201,1.80510813836
1.54623103142,0.352786516305
1.54873299599,4.14989619399
1.55122494698,0.859147722367
1.55371999741,2.49999999884
1.55621695518,1.76326042973
1.5587208271,4.49235502165
1.56121683121,4.34753193753
1.56370782852,1.65611476172
1.56620287895,0.409348906251
1.56871795654,3.22802146431
1.57120800018,2.78797510313
1.57373189926,4.86767056049
1.57619094849,0.884220479056
1.57869386673,4.09467781195
1.58119297028,3.34881262504
1.58367800713,0.421090133023
1.58617782593,2.23488772055
1.58867502213,0.885107686045
1.59117794037,4.59702481632
1.59366703033,0.855468282243
1.59616494179,2.49999999884
1.59866094589,0.96667677979
1.60116481781,3.84643659811
1.60366082191,3.87078823522
1.60614895821,1.06450813124
1.60864496231,0.0231487886049
1.61115098,2.89961512201
1.61364603043,2.68090424361
1.61614084244,4.88581181737
1.61863398552,1.36230315082
1.62113690376,4.40082556801
1.62363290787,3.97211995092
1.62612295151,1.1897175468
1.62861680984,2.49999999884
1.63111495972,1.51374254841
1.63361787796,4.53115114826
1.6361079216,0.143790991278
1.6386039257,2.07533429726
1.64110088348,0.345756659517
1.64361190796,3.10379986069
1.64621901512,3.25724332593
1.64866685867,0.347425139043
1.65110182762,0.274654600071
1.65359187126,3.14451371902
1.65608787537,3.1300389301
1.65857791901,0.432343910215
1.66107702255,2.072478591
1.66357398033,0.108176901704
1.66607403755,4.47059211088
1.66856193542,1.33769072825
1.67106699944,2.49999999884
1.6735599041,1.14898137399
1.67606282234,3.93369749654
1.67855596542,4.53888631077
1.68104887009,1.44155396731
1.68355083466,4.90012096823
1.68604683876,2.73817424662
1.68854284286,2.84829725395
1.69104290009,4.96631349088
1.69353103638,1.09275388881
1.69603300095,3.84478643886
1.69852995872,3.8381186116
1.70102095604,0.965875438415
1.70351791382,2.46553299832
1.70600986481,0.772638610797
1.70851492882,4.59768214612
1.71100687981,0.988201297587
1.7135078907,2.31025745859
1.71599388123,0.410960933659
1.71850204468,3.39136593626
1.72099900246,4.1264198476
1.72348999977,0.860509412596
1.72599101067,4.88504876266
1.72848892212,2.75615446502
1.73100090027,3.17493026727
1.73347496986,0.407207604731
1.73597288132,1.53652020264
1.73847603798,4.22741466318
1.74099993706,4.51198436553
1.74345993996,1.73213692615
1.74595594406,2.49999999884
1.74845290184,0.978530856082
1.75098800659,4.16604596889
1.75344991684,0.378437223844
1.7559428215,1.77792112925
1.75844883919,4.75276999408
1.76094603539,2.68331410596
1.76344299316,3.43389239511
1.76592898369,0.347319385037
1.76842689514,0.297174369916
1.77093195915,3.01186917815
1.77342486382,3.7023283157
1.77591896057,1.0433643451
1.778414011,2.16596100712
1.78092098236,4.97084513772
1.7834148407,4.72264062497
1.7859120369,1.69536956353
1.78839302063,2.49999999884
1.79089593887,0.508838993264
1.79340195656,3.45675876597
1.79589390755,4.83512972249
1.79838895798,1.11983228358
1.80090093613,4.40168004483
1.8033850193,2.5
1.80588388443,3.04426383344
1.80837488174,0.309243262745
1.81087303162,1.16370281205
1.81337285042,3.68947456009
1.81586694717,4.34995162301
1.81835699081,1.51318938704
1.82085585594,2.49999999884
1.82335281372,0.69432014483
1.82585382462,4.47982977726
1.82834601402,1.21657666517
1.83084392548,1.9413758046
1.83334302902,4.86250287038
1.83584189415,2.98068715725
1.83833694458,4.38729151268
1.84082889557,0.656560418429
1.84333300591,4.82110004057
1.84582901001,2.6871125435
1.84832191467,3.74184101354
1.85081791878,0.917970443843
1.85330986977,1.55292586191
1.85581493378,4.19081095839
1.85830593109,0.00134383910336
1.86080503464,2.16887795017
1.86330389977,2.49999999884
1.86578702927,0.417992923176
1.8682949543,3.89123827335
1.87079000473,0.703112328192
1.87328481674,1.33372058161
1.87582087517,4.18881291407
1.87828493118,2.5
1.8807759285,3.59522151877
1.88326883316,0.462074361276
1.88576698303,0.254495334812
1.8882689476,2.99056340242
1.89076590538,4.33455600752
1.89325690269,1.63827338605
1.8957529068,2.10641672718
1.89825582504,4.92655672133
1.90075087547,4.84336067573
1.90324187279,1.91614791867
1.90573787689,2.13438061066
1.90823888779,4.87649908522
1.91074085236,3.13330221805
1.913230896,0.112560361158
1.91572403908,0.765807470307
1.918227911,3.97394547355
1.92072296143,2.5
1.92321896553,3.53252542089
1.92571091652,0.83223741618
1.92820501328,1.05001839111
1.93071103096,3.70204062085
1.93320703506,4.85201934935
1.93569684029,2.03596082865
1.93819189072,2.49999999884
1.94069099426,0.518564762315
1.94319081306,4.27218104131
1.94568586349,1.43482640618
1.94817900658,1.44560303655
1.95068597794,4.32528095436
1.95317697525,2.74690475548
1.95567584038,4.59344983334
1.95816493034,0.597403815482
1.9606719017,4.71371915773
1.96316695213,2.74302636506
1.96566390991,4.32287025149
1.96815395355,1.42573834979
1.97065186501,1.4158179739
1.97315192223,4.30748569663
1.97564387321,0.392281847307
1.97813796997,2.4579223129
1.98063588142,2.10824502516
1.98313689232,4.8880858731
1.9856338501,3.70123135042
1.98812699318,0.955991487717
1.99062395096,0.836460328428
1.99312400818,3.6929183302
1.99562001228,2.5
1.99811601639,3.77974330448
2.00060892105,0.714203901589
2.00310492516,0.083477004664
2.00560688972,3.16167727113
2.00810194016,4.97818812961
2.01059794426,2.14971171808
2.01309204102,1.96423454559
2.01559495926,4.89348881645
2.0180888176,4.87370638293
2.02058291435,2.06280570244
2.02307796478,1.59564084024
2.02557992935,4.25295074005
2.02807497978,2.9936704901
2.03057003021,0.27336811414
2.0330619812,0.481694573537
2.03556394577,3.62523424439
2.0380589962,2.5
2.040558815,4.16066280915
2.04304981232,1.38623210019
2.04554486275,0.802981776651
2.04804682732,3.8969866978
2.05054402351,0.350831215037
2.05303692818,2.44984805002
2.05553483963,2.27603793959
2.05802702904,0.0491852546111
2.06054401398,4.15298998589
2.06302404404,1.58584470628
2.06551885605,0.935528270202
2.06802082062,3.79066662746
2.07052087784,2.6668162283
2.07301402092,4.68756875256
2.07550692558,0.701160955941
2.0780069828,4.51549949357
2.08050394058,2.97322871163
2.08299994469,4.87753302325
2.08549189568,1.90067055868
2.08798885345,1.22096782317
2.09049296379,4.50662804069
2.09298086166,0.622205749387
2.09547781944,2.49999999884
2.0979719162,1.55866686604
2.10048103333,4.36096049729
2.10297703743,3.63836624194
2.1054649353,1.05251590838
2.10795903206,0.390318150166
2.11046600342,3.2652146183
2.11296200752,2.5
2.11546587944,4.31056402158
2.11794281006,1.07132777339
2.12045192719,4.82016774709
2.12294697762,3.51011321065
2.1254389286,0.573153811274
2.12793302536,2.49999999884
2.13043403625,1.82814628584
2.13293504715,4.79522505426
2.13543081284,4.88892563502
2.1379199028,2.11765592103
2.14041996002,0.98135313252
2.14291787148,3.65295222378
2.14541697502,3.01406688755
2.14790701866,0.293464716524
2.15040683746,0.349614549195
2.15290689468,3.42723446433
2.15540599823,2.66474478878
2.15789604187,4.80204701889
2.16039681435,1.82845500414
2.16288399696,0.505850157933
2.16539096832,4.18749960489
2.16787981987,0.846697855741
2.17038583755,2.49999999884
2.17287397385,1.76686311024
2.17537689209,4.45987264859
2.17790603638,4.18756798375
2.18036293983,1.57064338448
2.18285894394,0.433432866121
2.18536186218,3.2563155354
2.18785881996,2.68524150946
2.19035792351,4.73510810058
2.19284582138,0.931894319365
2.19534802437,4.24907782231
2.1978468895,3.36343716364
2.20033288002,0.41121150949
2.20283198357,2.27452825173
2.20532894135,1.04518358945
2.20782995224,4.61684812442
2.2103228569,0.695628277026
2.21281695366,2.48312594485
2.21531581879,0.978608089499
2.21781802177,3.84761981084
2.22031903267,3.73993172077
2.22280502319,0.966631337069
2.22530388832,0.0688731414266
2.22780489922,2.98122923938
2.23030400276,2.68102008267
2.2327978611,4.86709460383
2.23528885841,1.40879343846
2.23779082298,4.55847616657
2.24028801918,3.98827493191
2.24277901649,1.17058221484
2.24527597427,2.49999999884
2.24776983261,1.57773231855
2.2502720356,4.53787971172
2.25276494026,0.00320514314808
2.25525999069,2.02135592466
2.25775504112,0.365291450871
2.26026201248,3.11105396715
2.26275491714,3.13310212572
2.26524782181,0.257325420389
2.26774287224,0.366546472069
2.27024793625,3.27040780918
2.272742033,3.12420167378
2.27523303032,0.417022277834
2.27772903442,2.11965733091
2.28022789955,0.259063174017
2.28272986412,4.4756330119
2.2852230072,1.26593744964
2.28771591187,2.49999999884
2.29021191597,1.16210130276
2.29271602631,3.91507014749
2.29521083832,4.38278870424
2.29770088196,1.37773092603
2.30020689964,4.93282288429
2.30269885063,2.76336967712
2.30519604683,2.74300790741
2.30769181252,4.87409847905
2.31018900871,1.15247785463
2.31268596649,3.97649713443
2.31518292427,3.84127622587
2.31767392159,0.927008813014
2.32017302513,2.49747152207
2.32266902924,0.935456036823
2.3251709938,4.59503297345
2.32765984535,0.838241819292
2.3301589489,2.27738595102
2.33265399933,0.424600113183
2.33515381813,3.37870933698
2.33764982224,3.98194704554
2.34014892578,0.797177748755
2.34264588356,4.97576588066
2.34514284134,2.85394632723
2.34763884544,3.16259640036
2.35013103485,0.390813972335
2.35262393951,1.61716608563
2.35512495041,4.36872341903
2.35762691498,4.50037402567
2.36011886597,1.67840651236
2.36261081696,2.49999999884
2.36510896683,1.00042154314
2.36760997772,4.14596725022
2.37010383606,0.234748310177
2.37259793282,1.74438776565
2.37510085106,4.76500533288
2.37759804726,2.67465057434
2.38012695312,3.28902526759
2.38258695602,0.271700213198
2.38508296013,0.401497689309
2.3875849247,3.11831518076
2.39008402824,3.7085308996
2.39257001877,1.03465287946
2.3950688839,2.23660750431
2.39756584167,0.107957628788
2.40006995201,4.6905561327
2.40256381035,1.59191437648
2.40504789352,2.49999999884
2.40754985809,0.514550235821
2.41005587578,3.42683633906
2.41254997253,4.67278807308
2.41503882408,1.0773687542
2.41754388809,4.46588942199
2.42004489899,2.5
2.42253804207,3.00390534452
2.42502689362,0.286252741935
2.42752289772,1.26120195026
2.43002986908,3.80144371302
2.43252182007,4.33886018116
2.43501591682,1.49572318303
2.43751192093,2.49999999884
2.44000887871,0.866955503589
2.4425098896,4.43080150289
2.44499993324,1.06461329036
2.44749999046,1.92466562148
2.44999885559,4.888454217
2.45250701904,2.9710939934
2.4549908638,4.24021478277
2.45748281479,0.627696659649
2.45998597145,4.95235330774
2.46248292923,2.76943785837
2.46497797966,3.72983679641
2.46746897697,0.915407394059
2.46996903419,1.66263955529
2.47246789932,4.30670595379
2.47496581078,4.95930321282
2.47745394707,2.11911082966
2.47995495796,2.49999999884
2.48244786263,0.426804132294
2.48495197296,3.81891046767
2.48744297028,0.55146148894
2.48993992805,1.31619038177
2.49244189262,4.21179965138
2.49493598938,2.5
2.49743485451,3.44618920353
2.49992799759,0.410301961238
2.5024228096,0.371975933667
2.50492191315,3.07418673648
2.50742101669,4.33416060521
2.50991487503,1.63808237296
2.51240801811,2.20227325219
2.51490402222,0.0427793210838
2.51740884781,4.76560561103
2.51989793777,1.78848112933
2.52239489555,2.11751042283
2.52489495277,4.86849679612
2.52739596367,3.07639013859
2.52988982201,4.9571688287
2.53238201141,0.752089656889
2.53488492966,4.04950587428
2.53738594055,2.5
2.53988003731,3.52488072589
2.54236888885,0.837974020978
2.54486298561,1.17268033442
2.54736590385,3.79681738908
2.54986691475,4.8351680662
2.55235290527,2.01269316021
2.55484890938,2.49999999884
2.5573489666,0.588058584835
2.55985188484,4.20111738495
2.56234192848,1.30685004173
2.56483602524,1.45041442825
2.56733703613,4.35510562966
2.56983685493,2.70723300753
2.57233381271,4.44316424313
2.57482194901,0.593743259087
2.5773229599,4.8636269907
2.57982492447,2.80201865942
2.58232188225,4.30683316663
2.58481001854,1.41446540481
2.58730602264,1.54313282692
2.58980989456,4.40929353586
2.59229898453,0.327457468957
2.59479403496,2.40267384099
2.59729504585,2.11066118325
2.59979581833,4.88465748611
2.60229086876,3.59494648175
2.6047809124,0.816893628798
2.60727787018,0.831190320896
2.60978293419,3.72719876701
2.61227703094,2.5
2.61477804184,3.71712454362
2.61728286743,0.713010262698
2.61976504326,0.229722369695
2.62226486206,3.22048526141
2.62476181984,4.96985758538
2.62724900246,2.15755112469
2.62975287437,2.08569093607
2.63225197792,4.98615425546
2.63474702835,4.74532281864
2.63723802567,1.94506836939
2.63973498344,1.59252946265
2.64223694801,4.2620624858
2.64473295212,2.91885894607
2.64722490311,0.123964519007
2.64972496033,0.494680996053
2.65222096443,3.73251780169
2.65471792221,2.5
2.65721392632,4.15953663643
2.65970802307,1.40202239971
2.66220498085,0.946782780811
2.66470384598,3.9668919181
2.66719603539,0.319625786506
2.66969585419,2.42687325925
2.67219090462,2.28784007602
2.6746840477,0.0673721451312
2.67718982697,4.05032837647
2.67968297005,1.46432523499
2.6822078228,0.931536726421
2.68467903137,3.8026419282
2.68717288971,2.5908081443
2.68967485428,4.53590880148
2.6921620369,0.719693085412
2.69466590881,4.67468828196
2.69716191292,3.00680181361
2.69965982437,4.85674350057
2.70214891434,1.91186769865
2.70464396477,1.37404252775
2.70714402199,4.56869696151
2.70964193344,0.472821553703
2.71213388443,2.48446504353
2.7146320343,1.56777327647
2.71713685989,4.37611720525
2.71963787079,3.53645656258
2.72211503983,0.926596781937
2.72461795807,0.415595927043
2.72711896896,3.35631833295
2.72962284088,2.5
2.73210597038,4.30359219783
2.73460292816,1.1174216459
2.73711204529,4.99201527331
2.73962187767,3.55623319512
2.74209785461,0.580331792589
2.74459004402,2.49999999884
2.74708485603,1.9744693907
2.74959397316,4.8608553072
2.75208592415,4.73570445669
2.75457787514,2.02077070368
2.75707292557,0.976609722711
2.75957989693,3.65422782255
2.76206898689,2.90609155432
2.76456189156,0.158077622764
2.76705789566,0.43202169938
2.76956295967,3.60873769503
2.7720580101,2.68564879894
2.77455186844,4.79907036177
2.77704381943,1.86158162891
2.7795419693,0.667455611983
2.78204393387,4.23093597754
2.78453397751,0.797857607249
2.78702998161,2.49999999884
2.78953385353,1.7665250448
2.79202795029,4.458918866
2.79452991486,4.0530500235
2.79701185226,1.47582056117
2.79957604408,0.438423829619
2.80201792717,3.24684849125
2.80451202393,2.57457619417
2.80701088905,4.58924821345
2.80952882767,0.980832985369
2.81200289726,4.40946899354
2.81449890137,3.38471978786
2.81698799133,0.388246898074
2.81951498985,2.29340578779
2.82198286057,1.212786244
2.82448601723,4.64401170146
2.82697582245,0.531823321944
2.82950282097,2.42525071488
2.83196902275,0.993445172207
2.83447384834,3.86307231034
2.83696603775,3.61614021007
2.83949184418,0.874087951379
2.84195804596,0.153245943366
2.84445786476,3.10927287792
2.84695196152,2.67850107746
2.84947991371,4.85075311037
2.85194301605,1.47177357227
2.85444283485,4.7304633446
2.85694098473,4.01495901519
2.85943198204,1.14058539621
2.86193084717,2.49999999884
2.8644258976,1.60431427415
2.86692786217,4.52066765865
2.86942386627,4.84088231809
2.87191581726,1.95193248685
2.87440800667,0.371117488248
2.87691497803,3.11387773487
2.87941098213,2.99826186965
2.88190197945,0.137594507542
2.88442897797,0.470720068552
2.88689684868,3.42187230824
2.88940095901,3.14683173201
2.89188981056,0.430385486688
2.89438486099,2.1791577572
2.89688181877,0.426344490843
2.89938187599,4.48353433749
2.90187597275,1.16103433538
2.90437984467,2.49999999884
2.90686798096,1.15226090653
2.90936994553,3.8851513993
2.91186785698,4.21738549368
2.91435790062,1.30344093894
2.91685891151,4.94730047067
2.91935491562,2.76830963674
2.92185282707,2.64021829353
2.92435097694,4.79287433787
2.92684197426,1.25900231767
2.92933893204,4.13007598952
2.93184089661,3.85192728951
2.9343290329,0.937906284817
2.93682289124,2.49999999884
2.93932104111,1.10165680409
2.9418258667,4.57864966826
2.94431495667,0.658842368284
2.94681191444,2.23669584491
2.9493098259,0.435668835416
2.95180583,3.3582766715
2.95430588722,3.82131541846
2.95679783821,0.710280972999
2.95929384232,0.108759186696
2.96179699898,2.98146761023
2.96429300308,3.16254113335
2.96678495407,0.384346601786
2.96928095818,1.70453009312
2.97178196907,4.52238746337
2.97427988052,4.49983643484
2.97677087784,1.65403163526
2.97926592827,2.49999999884
2.98176598549,1.01541282493
2.98426795006,4.11453478737
2.98675704002,0.0719899730757
2.98925185204,1.69063180569
2.99175786972,4.7754443821
2.99425292015,2.66973713879
2.99674797058,3.13959065825
2.9992389679,0.189554231474
3.00173687935,0.529420855455
3.00424098969,3.24191282387
3.00673389435,3.71388153639
3.00922489166,1.04785265168
3.01172780991,2.31674518902
3.01421689987,0.265153462533
3.01672101021,4.64357330115
3.01921081543,1.44205573364
3.02171182632,2.48853825498
3.02420401573,0.510258733993
3.02670693398,3.38775911136
3.02920484543,4.50105641736
3.03169798851,1.02940923185
3.03419589996,4.51560264686
3.03669095039,2.5
3.03918790817,2.97489997
3.04168391228,0.278078273404
3.04417896271,1.37479015044
3.04668092728,3.9295488887
3.04917693138,4.33377646259
3.05167102814,1.46826442447
3.05416202545,2.49999999884
3.05665898323,1.02534780395
3.05916190147,4.38685544417
3.06165599823,0.894563168986
3.06415081024,1.89601859776
3.06665802002,4.89538930589
3.06914281845,2.93359291041
3.07164883614,4.07151728752
3.07413983345,0.579472014215
3.07663083076,0.0949112279341
3.07913398743,2.8677988972
3.08163094521,3.72421683278
3.08412194252,0.907587100519
3.0866189003,1.77227850538
3.08912086487,4.4508470525
3.09161901474,4.92831125855
3.09410881996,2.06513015088
3.09660387039,2.49999999884
3.09910082817,0.436131465249
3.10160803795,3.76363972318
3.1040968895,0.386340568075
3.10659193993,1.28191666096
3.10909104347,4.23709473689
3.11159300804,2.5
3.11408782005,3.27338169329
3.11657500267,0.364724645624
3.1190738678,0.539104851196
3.12157797813,3.18254472106
3.12407398224,4.3484529783
3.12656283379,1.6577941447
3.12906002998,2.30613886495
3.13155889511,0.176666161278
3.13405990601,4.66967354529
3.1365480423,1.63128599757
3.1390478611,2.10613555275
3.14154601097,4.87557577551
3.14404702187,3.01715709735
3.1466460228,4.77788508753
3.14911985397,0.731891517062
3.15156197548,4.13279951899
3.15403294563,2.5
3.15652894974,3.52855807287
3.15902090073,0.851619035238
3.16152095795,1.31134073366
3.16401791573,3.9068696578
3.1665148735,4.82249795343
3.16900491714,1.99567761156
3.1715028286,2.49999999884
3.1739988327,0.630721183261
3.1764998436,4.08222183352
3.17898988724,1.14180305856
3.1814930439,1.43963745213
3.18399095535,4.35778375249
3.18652391434,2.6445519994
3.18898487091,4.2614796164
3.1914768219,0.581816157792
3.19397187233,0.0431452505291
3.19647288322,2.87934002583
3.19896888733,4.29738261155
3.20146203041,1.42515739775
3.20395588875,1.68837166741
3.20645785332,4.52812512754
3.20895004272,0.223689822014
3.21145296097,2.31302838423
3.21394395828,2.10957756848
3.21644687653,4.8964420578
3.21894192696,3.51905057905
3.22143793106,0.658217036398
3.22392988205,0.831323581515
3.22643494606,3.7960070523
3.2289249897,2.5
3.23142790794,3.69737529196
3.23391604424,0.739187981235
3.23641490936,0.410014661029
3.23891496658,3.30215747235
3.24141287804,4.97130254284
3.243901968,2.15813093702
3.24639892578,2.22009543213
3.24889802933,0.108915864257
3.25140190125,4.63051947416
3.25388503075,1.81464520749
3.25638389587,1.58123913687
3.25888681412,4.23367600655
3.26138687134,2.81669361517
3.26388096809,4.95012779022
3.26636981964,0.525696234545
3.26887488365,3.91165246489
3.27137088776,2.5
3.27386903763,4.17081504478
3.27636384964,1.42429225263
3.27885603905,1.11101524322
3.28136396408,4.05587383662
3.28385090828,0.303220250644
3.28634500504,2.42137548514
3.28883981705,2.28373153368
3.29133987427,0.04835238331
3.29384088516,3.89801551821
3.29633188248,1.31650377065
3.29882788658,0.935025440995
3.30133199692,3.82777619641
3.30382704735,2.51468171249
3.30632400513,4.35345678939
3.30881595612,0.734941936098
3.31131696701,4.85938100843
3.31381297112,3.06726740091
3.31630802155,4.85240115086
3.31879782677,1.93682904704
3.3213019371,1.54154759017
3.32380104065,4.64639414335
3.32628893852,0.302229312947
3.32878494263,2.38112438936
3.33128404617,1.57756428234
3.33378386497,4.36653524521
3.33628082275,3.40194140445
3.33877182007,0.78665155801
3.34126996994,0.457770042121
3.34376788139,3.46246004803
3.34626889229,2.5
3.34876394272,4.2874648585
3.35126399994,1.15144419484
3.35374689102,0.184389189817
3.35625481606,3.61415418447
3.35874295235,0.55378341116
3.36124396324,2.49999999884
3.36373591423,2.09363526898
3.3662378788,4.92763738381
3.36874985695,4.59464618121
3.37122988701,1.91149041988
3.37372398376,0.97558898502
3.37622785568,3.65226026741
3.37872290611,2.7913258248
3.3812148571,0.000168429687619
3.38370990753,0.486571724759
3.38621282578,3.77870424767
3.38870787621,2.71900731372
3.39120793343,4.82074734638
3.3936958313,1.92268092302
3.3961918354,0.851880019763
3.39869594574,4.28702376666
3.4011900425,0.721327752108
3.40368390083,2.49999999884
3.40617704391,1.76760459552
3.40868091583,4.45768190781
3.41118001938,3.89860074851
3.41366696358,1.3487899513
3.4161658287,0.443545373855
3.41866898537,3.26104672393
3.42116498947,2.5
3.42366099358,4.44782022969
3.42615294456,1.03799133562
3.42865180969,4.59359893692
3.43115282059,3.41828322969
3.43364095688,0.368327102624
3.43613886833,2.31404709513
3.43863487244,1.39931678656
3.44114089012,4.69551765709
3.44362688065,0.350005759392
3.44612193108,2.35363277141
3.44861984253,1.01017239271
3.45112681389,3.86733646155
3.45362281799,3.47654944868
3.45611095428,0.748395721894
3.45860600471,0.256382002262
3.46111989021,3.28387168003
3.46360301971,2.69257503562
3.46610093117,4.84376576613
3.46859288216,1.53942433884
3.47109699249,4.91703604115
3.47359395027,4.04313168023
3.47608590126,1.11753950012
3.47857689857,2.49999999884
3.48107886314,1.61363417399
3.48357796669,4.50651222025
3.48607397079,4.67996461666
3.48860001564,1.86534551904
3.49106693268,0.369279623264
3.49356484413,3.11160014011
3.49606084824,2.86094850046
3.49855804443,4.9997829285
3.50104904175,0.548750543967
3.50355386734,3.57438710635
3.5060479641,3.15989142284
3.50854086876,0.435754753416
3.51103687286,2.2315835068
3.51353287697,0.60181845678
3.51603388786,4.49606778915
3.5185239315,1.04109557462
3.5210249424,2.49999999884
3.5235209465,1.15478797001
3.52601695061,3.87254129048
3.52851486206,4.04627546784
3.53100895882,1.20903455419
3.53351092339,4.97742756153
3.53600597382,2.79653819394
3.53850483894,2.57459177403
3.54100489616,4.7269467765
3.54349088669,1.33667676011
3.54599499702,4.29519920377
3.54849100113,3.86903499602
3.55099797249,0.909708024701
3.55347800255,2.49999999884
3.55597281456,1.2974930089
3.55847597122,4.59900901536
3.56099581718,0.483073235955
3.56346392632,2.18901858781
3.56595993042,0.450546325883
3.56846284866,3.35185814649
3.57099199295,3.66521156393
3.57345199585,0.619068617234
3.57594704628,0.225341174519
3.57844781876,3.11553509557
3.58094787598,3.15877108718
3.58343887329,0.369218240958
3.58593082428,1.78399538388
3.58843493462,4.69526656787
3.5909318924,4.50037748669
3.59342503548,1.60609074752
3.59592103958,2.49999999884
3.59841489792,1.02118214825
3.60092186928,4.07262182911
3.60341691971,4.89834510372
3.60590386391,1.64376616362
3.60840892792,4.79884352419
3.6109058857,2.67073391937
3.6134018898,2.98904999043
3.61589002609,0.093728803331
3.61838889122,0.646228321129
3.62089180946,3.37606110261
3.62338495255,3.72543572099
3.62587785721,1.0571651021
3.62837600708,2.39047162933
3.63087391853,0.426165561657
3.63337182999,4.61806157022
3.63586401939,1.29655835568
3.63836193085,2.46412044857
3.64086794853,0.508907833137
3.64336204529,3.35016536992
3.64585900307,4.32359977276
3.64835000038,0.966314255493
3.65085101128,4.58256684826
3.65334582329,2.5
3.65584301949,2.96259110444
3.65833592415,0.275905999588
3.66083288193,1.48141745827
3.6633310318,4.06850042753
3.6658308506,4.33368443511
3.66831994057,1.45654700696
3.67081904411,2.49999999884
3.67331385612,1.15444845171
3.67581486702,4.33791812044
3.67830896378,0.719896144001
3.68080687523,1.87168019125
3.6833050251,4.90832143812
3.68579983711,2.90036747348
3.68829894066,3.89943677466
3.69082593918,0.530133023858
3.69328689575,0.253165030153
3.69578886032,2.97581796651
3.69828486443,3.7146041193
3.70078682899,0.911733355606
3.70326495171,1.88923272304
3.70577597618,4.61255104397
3.70827698708,4.90467018331
3.71076798439,2.00245324289
3.7132589817,2.49999999884
3.71575498581,0.449427531566
3.7182559967,3.71321395272
3.72075200081,0.221293109935
3.72324490547,1.25924810651
3.72574687004,4.28990816581
3.72824287415,2.5
3.73074388504,3.15633133403
3.73323488235,0.328998779878
3.73573088646,0.69006845355
3.73822903633,3.29410444247
3.74073004723,4.34838377405
3.74322199821,1.64389546728
3.74571800232,2.40615301882
3.74821186066,0.341859397013
3.75071692467,4.60069956258
3.75320482254,1.48201420787
3.75570201874,2.08789453609
3.75820493698,4.85693767667
3.76070284843,2.9497309553
3.76319789886,4.59487167303
3.7656879425,0.706442595692
3.76819086075,4.25818607328
3.77068686485,2.5
3.77318501472,3.53460622253
3.77567195892,0.881103040883
3.77817201614,1.45253637806
3.7806789875,4.02322743204
3.78316998482,4.80524197104
3.78566288948,1.97443641722
3.78815698624,2.49999999884
3.79065895081,0.658431096235
3.79315781593,4.00178932468
3.79564881325,0.980844624573
3.79814386368,1.42454371438
3.80064702034,4.37785413233
3.803139925,2.60289048427
3.80563902855,4.08448201139
3.80812883377,0.561303740833
3.81063103676,0.209274576046
3.81312990189,2.96089141746
3.81562495232,4.28428713582
3.81811881065,1.43227618537
3.82061386108,1.82675584801
3.82311296463,4.6560712927
3.82560586929,0.126729860203
3.8281018734,2.21076165792
3.83060002327,2.10645899992
3.83310103416,4.89925992326
3.83560085297,3.42070689308
3.83809089661,0.490295018535
3.84058690071,0.820798388449
3.84308791161,3.87685004738
3.84558486938,2.5
3.84807991982,3.69547150913
3.85057401657,0.757859655423
3.85307002068,0.577568416484
3.85557293892,3.39100420126
3.85806894302,4.97629680322
3.86056303978,2.17780570732
3.86305594444,2.34783380525
3.86555099487,0.234637113754
3.86805486679,4.52272806782
3.87054681778,1.67910010554
3.87304186821,1.56226049527
3.87554502487,4.23354771105
3.87803983688,2.74300757563
3.88054203987,4.76358136511
3.88302898407,0.53508517798
3.88553094864,4.09568687552
3.88802790642,2.5
3.89053297043,4.16794243967
3.8930079937,1.43942895578
3.89550995827,1.26586547238
3.89801597595,4.14969236241
3.90050601959,0.273047592491
3.90300297737,2.4018034793
3.90549898148,2.27845790097
3.90799403191,0.0449138972908
3.91050100327,3.79007969983
3.91298794746,1.17016453878
3.91548585892,0.929082749644
3.91798686981,3.84029702982
3.92048382759,2.5
3.9229798317,4.18579704012
3.9254720211,0.739191167522
3.92796802521,0.032215154497
3.93047189713,3.11997362296
3.93296790123,4.82611885178
3.93545794487,1.9317122316
3.93795084953,1.69829984661
3.94046092033,4.73590970854
3.94294691086,0.129077587044
3.94544386864,2.26837869501
3.94793891907,1.57617879799
3.95044398308,4.3748937326
3.95293903351,3.2991632726
3.9554309845,0.629598255036
3.95792603493,0.482370016398
3.96043395996,3.59761629254
3.9629278183,2.5
3.96542191505,4.28273041965
3.96791481972,1.20826638537
3.97041296959,0.37534669158
3.97291302681,3.68517085677
3.97540187836,0.54734072648
3.97789883614,2.49999999884
3.9804019928,2.14832807775
3.98289990425,4.95049591293
3.98539495468,4.44318172289
3.98788785934,1.79459908162
3.99038696289,0.962919036392
3.99291491508,3.65355233662
3.99538397789,2.69371640752
3.99787998199,4.83387068729
4.00037288666,0.537769044749
4.00287294388,3.95880872733
4.00536990166,2.75311382255
4.00786685944,4.81533679995
4.01036000252,1.93149093073
4.01285982132,1.01799519733
4.01535797119,4.35628350475
4.01784491539,0.64631883637
4.02034592628,2.49999999884
4.02284002304,1.75058068475
4.02534604073,4.42575551919
4.02783989906,3.74963110778
4.03033089638,1.21841773274
4.03282499313,0.438501085155
4.03532791138,3.26561208698
4.03782486916,2.5
4.04032492638,4.27070092643
4.04281401634,1.07143440633
4.04531598091,4.76144769578
4.04781103134,3.45804755809
4.05030488968,0.366559278918
4.05279898643,2.35018672189
4.05529689789,1.5821370203
4.05779790878,4.75899735698
4.0602889061,0.176390237175
4.06278586388,2.2700475587
4.06528091431,1.00015071454
4.06779289246,3.83731382433
4.07028484344,3.3392346336
4.07277297974,0.624534361996
4.07526898384,0.34950793488
4.07776784897,3.45129991649
4.08026981354,2.71275343141
4.08276391029,4.84443334397
4.08525586128,1.60745979752
4.08774995804,0.103784153471
4.09025597572,4.09988175845
4.09274601936,1.0914631933
4.09524083138,2.49999999884
4.09773898125,1.61888103001
4.10024499893,4.48788715876
4.10273885727,4.52753347228
4.10522699356,1.77623421536
4.10772299767,0.369990066392
4.11022996902,3.11977767153
4.11272192001,2.74791600299
4.11521983147,4.87772325403
4.11771082878,0.63501489698
4.12021398544,3.73500811402
4.12270784378,3.18891019095
4.12519884109,0.45039433171
4.12769699097,2.28098401451
4.13019490242,0.769876575796
4.13269686699,4.52052945038
4.13518500328,0.929292958463
4.13768482208,2.49999999884
4.14017891884,1.14649055991
4.14268183708,3.84336525225
4.14517784119,3.89364040224
4.14767098427,1.11055077869
4.15016794205,0.00138516770676
4.15266704559,2.81831178931
4.15516495705,2.54731114372
4.15766096115,4.69169268501
4.16015481949,1.3959971827
4.16265702248,4.44858670933
4.16514897346,3.89580120682
4.16763901711,0.900789574953
4.17014098167,2.49999999884
4.17263388634,1.47795462632
4.1751408577,4.60655303323
4.17762804031,0.303024667082
4.18012881279,2.13377215317
4.18262386322,0.457603546092
4.18512296677,3.33329273155
4.18762087822,3.52161199902
4.1901140213,0.536396615207
4.19260692596,0.359509874834
4.19514203072,3.26200109208
4.19760799408,3.17567190272
4.20009899139,0.365237757796
4.20259404182,1.85356375528
4.20509791374,4.86739018466
4.20759391785,4.52018609969
4.2100880146,1.56522480538
4.21258282661,2.49999999884
4.21507787704,1.0257164517
4.21758198738,4.03155880165
4.22007989883,4.73103656783
4.2225689888,1.57601160696
4.22507190704,4.83406662126
4.22756695747,2.69303314621
4.23006486893,2.83258383279
4.23256087303,4.97787887463
4.235049963,0.751003577607
4.23755502701,3.51137027144
4.24004983902,3.75038729981
4.24254083633,1.06665510219
4.24503684044,2.45418093516
4.24753499031,0.598360918229
4.25003790855,4.59184347885
4.25252795219,1.12484536599
4.25502181053,2.41324055241
4.2575199604,0.484465390909
4.26002287865,3.31399633549
4.26251983643,4.15190453175
4.26500797272,0.895423517795
4.26751184464,4.63649869082
4.27001404762,2.52241103211
4.27250289917,2.96163742314
4.27499485016,0.272900611162
4.27749300003,1.57605625456
4.27999687195,4.22181367059
4.28249192238,4.35432611732
4.28498196602,1.4470264921
4.28747797012,2.49999999884
4.28997683525,1.22050131904
4.29247999191,4.28515473264
4.29497098923,0.54182222113
4.29746294022,1.82486268808
4.29996991158,4.92029496934
4.30246591568,2.88937400444
4.30496096611,3.73825567658
4.30745100975,0.46631389414
4.30994987488,0.389963540947
4.31245088577,3.09060771833
4.31494688988,3.72546049068
4.31744003296,0.915596971754
4.31993484497,1.99145419756
4.32243680954,4.7793949116
4.32493281364,4.85859072767
4.3274269104,1.89093895839
4.32993483543,2.49999999884
4.33242082596,0.449998367112
4.33491897583,3.65796148079
4.33741188049,0.0501198123675
4.33991003036,1.20501644211
4.34241199493,4.3320782471
4.34490585327,2.5
4.34740185738,3.10725951917
4.34989690781,0.319702628767
4.35238695145,0.836064680479
4.35489201546,3.41505498858
4.35738992691,4.36952639138
4.35988283157,1.66490859818
4.362377882,2.49514707015
4.36487483978,0.488294974202
4.36737585068,4.5257337403
4.36986804008,1.31828212761
4.37236690521,2.05258819624
4.37486386299,4.85381011036
4.37736988068,2.91440940113
4.37985992432,4.41143137054
4.38235187531,0.669241679134
4.38485193253,4.39262281288
4.38734793663,2.5
4.38984799385,3.55685585993
4.39233803749,0.894455629168
4.39483499527,1.57441730844
4.39733600616,4.14920349838
4.39983487129,4.79650027119
4.40233588219,1.95765065262
4.40481901169,2.49999999884
4.40731692314,0.664147631032
4.40982294083,3.91091807396
4.4123108387,0.805527954362
4.41480588913,1.38423767872
4.41730594635,4.38618095242
4.41980695724,2.56113029784
4.42230081558,3.90046389773
4.42479085922,0.529253972927
4.427287817,0.372176570818
4.42979383469,3.05884899688
4.43228602409,4.28697657422
4.43477988243,1.42877064412
4.43727397919,1.95430517429
4.43977999687,4.8007905297
4.44227695465,4.99097863678
4.44476294518,2.06598795368
4.44726085663,2.10032378091
4.44976592064,4.90053223446
4.4522588253,3.33939845208
4.45475196838,0.322518402245
4.45724582672,0.816826466471
4.45975399017,3.98815036053
4.46224594116,2.5
4.46474194527,3.69082342368
4.46723389626,0.788201134419
4.46973395348,0.754419681616
4.47223091125,3.49520979449
4.4747300148,4.97734756558
4.47721982002,2.1728393354
4.47971796989,2.46168922051
4.482213974,0.362530947896
4.48471784592,4.40124687622
4.48720693588,1.52500626049
4.48970293999,1.54167501139
4.49220299721,4.25324597978
4.49470090866,2.68774854601
4.49723291397,4.58088960964
4.49969291687,0.546840254683
4.50219202042,4.29033711087
4.50468683243,2.534896984
4.5071849823,4.18655513437
4.5096809864,1.47708384786
4.51217389107,1.42001160537
4.51467394829,4.25804718863
4.51716184616,0.223205563379
4.51966285706,2.35898261075
4.52215504646,2.26152635645
4.52465081215,0.0182407314423
4.52715396881,3.66209093598
4.52964997292,1.00982093834
4.53214597702,0.912441812688
4.53464484215,3.83434360265
4.53714203835,2.5
4.53964686394,3.98697661818
4.54212403297,0.761593009811
4.54462504387,0.226247040555
4.54713201523,3.1977247633
4.54963183403,4.82184197404
4.55211281776,1.94855851936
4.55461287498,1.8597285857
4.55711483955,4.85394227202
4.55961894989,4.97629613965
4.56209683418,2.15175580233
4.56460094452,1.56760830781
4.56710481644,4.37742374372
4.56960582733,3.19802998565
4.57208490372,0.472351737553
4.57458782196,0.528880672064
4.57708787918,3.78197181271
4.57959198952,2.5
4.5820748806,4.27556745708
4.58457303047,1.23975579743
4.58706998825,0.555464994395
4.58957886696,3.75786364079
4.59205389023,0.52028502454
4.59455704689,2.49999999884
4.59705591202,2.15495554497
4.59956288338,4.94486127631
4.60204982758,4.30723821162
4.60454702377,1.6720289283
4.60704398155,0.946229958208
4.60955095291,3.63631175132
4.61203503609,2.59440074326
4.61453700066,4.65716360486
4.61702489853,0.579563470092
4.61953997612,4.14304679842
4.62202787399,2.79754983843
4.62452197075,4.822915314
4.62701487541,1.9587517099
4.62955188751,1.18332692538
4.63201284409,4.42295148503
4.63450288773,0.559566688025
4.63699889183,2.49999999884
4.63952803612,1.73762418679
4.64200186729,4.41950589302
4.64449691772,3.61631032196
4.64707899094,1.08585710288
4.64962387085,0.44941154425
4.65200996399,3.2973448548
4.65448093414,2.5
4.65698003769,4.16623565368
4.65953588486,1.12373327138
4.66197490692,4.94238512474
4.66446900368,3.51119604078
4.66696190834,0.3572581755
4.66949391365,2.37159756362
4.6719558239,1.75025678473
4.67445588112,4.81569827301
4.67695498466,4.98824816546
4.67946481705,2.17991346726
4.68194198608,1.0062512313
4.68444299698,3.83753392263
4.68693995476,3.21592288441
4.68943285942,0.48944254755
4.69192481041,0.403535194928
4.69442796707,3.60515796929
4.69692897797,2.73568388191
4.69942092896,4.83757404494
4.70191597939,1.64633883047
4.70440793037,0.278847782174
4.70691084862,4.13431165158
4.70940494537,1.05898296926
4.71190094948,2.49999999884
4.71439385414,1.62002346478
4.71689581871,4.46737930994
4.71939492226,4.37326317537
4.72188782692,1.67988897301
4.72438192368,0.36507372628
4.7268819809,3.11208796571
4.72938203812,2.62943592854
4.73188090324,4.73389475839
4.73436689377,0.705308029428
4.73686981201,3.8949964568
4.73936796188,3.22134208167
4.74186301231,0.455690331291
4.74435591698,2.32021173695
4.74685788155,0.944621626986
4.74935793877,4.54782116693
4.75184583664,0.78087374568
4.75434088707,2.49999999884
4.75683999062,1.11909383908
4.75933885574,3.81732704118
4.76184082031,3.74107599375
4.76432681084,1.00261933752
4.76682090759,0.0324735487811
4.7693259716,2.85926536191
4.77182388306,2.53505607136
4.77431893349,4.68478254508
4.7768099308,1.48726317449
4.77931189537,4.61574327433
4.78181004524,3.92370962771
4.78429794312,0.905381841585
4.78679585457,2.49999999884
4.78929281235,1.63987599197
4.79179787636,4.60899704718
4.79428792,0.115071022883
4.7967839241,2.05994428718
4.79930901527,0.455601507565
4.80178594589,3.32083069137
4.80427885056,3.37388600688
4.80677103996,0.423765798332
4.80926203728,0.438436612021
4.81176686287,3.39665209991
4.81426286697,3.1846579886
4.81675481796,0.372248587664
4.81925082207,1.94292666158
4.82175302505,0.0497288897168
4.82424998283,4.52102363924
4.8267428875,1.48867384414
4.82923603058,2.49999999884
4.8317399025,1.02602675557
4.83423995972,4.00023468188
4.83673501015,4.56165167387
4.83922290802,1.49869375047
4.84172987938,4.85117686098
4.84422397614,2.69772549975
4.84671998024,2.70462354762
4.84921598434,4.88014872768
4.85170888901,0.875124213053
4.85420894623,3.66935644997
4.85670685768,3.77889035153
4.85919690132,1.09038542607
4.86169600487,2.49999999884
4.8641898632,0.771599516738
4.86669301987,4.56192576443
4.86918187141,0.934641568456
4.87168383598,2.37116410863
4.87417697906,0.473817256279
4.87668085098,3.26861781185
4.87917900085,3.9737893187
4.8816678524,0.821599614574
4.88416981697,4.7439296206
4.88666701317,2.60319183581
4.88916182518,2.98842631513
4.89165401459,0.307581806555
4.89415001869,1.69098794577
4.89665198326,4.37803684501
4.89914488792,4.36615126324
4.9016418457,1.44505347824
4.90413594246,2.49999999884
4.90663194656,1.24858353403
4.90913581848,4.21992635587
4.91162991524,0.347747509368
4.91412186623,1.77416717517
4.91662502289,4.93387488299
4.91912198067,2.87266118103
4.92162394524,3.56287717004
4.92410898209,0.389562718337
4.92660498619,0.532701137709
4.92910695076,3.22195743909
4.93160486221,3.73358445475
4.93409585953,0.920635494404
4.93658995628,2.09859053604
4.9390938282,4.95469687507
4.94159388542,4.80304682744
4.94408297539,1.77441969048
4.94657897949,2.48770942446
4.94907283783,0.454053769354
4.95157790184,3.60327846836
4.95407485962,4.86765958834
4.95656204224,1.16744277417
4.95906591415,4.4073896145
4.96156287193,2.5
4.9640610218,3.1105598202
4.96654987335,0.332456404576
4.96904397011,0.985805917298
4.97155189514,3.55674567516
4.9740459919,4.38906340976
4.97653603554,1.68487106683
4.97903299332,2.49999999884
4.98153281212,0.671406950569
4.98403191566,4.44850041764
4.98652696609,1.12904638983
4.98901391029,2.02049768763
4.99152088165,4.84544887557
4.9940199852,2.86444852361
4.99651503563,4.21222934849
4.99900794029,0.630206206115
5.00150895119,4.57554109977
5.00400686264,2.52381824655
5.00650286674,3.56774841784
5.00899386406,0.913987511303
5.01148986816,1.70725991833
5.0139939785,4.29470225936
5.01648688316,4.78612470557
5.01898002625,1.93899157806
5.02147603035,2.49999999884
5.02397084236,0.644227874
5.02647590637,3.81025265204
5.02896595001,0.611055491026
5.03146290779,1.35525771882
5.03396487236,4.39232415403
5.03652596474,2.51365019009
5.03900003433,3.70812180685
5.04152488708,0.483755153837
5.04398989677,0.53219702444
5.04653191566,3.16679503652
5.04905295372,4.28506213473
5.05156493187,1.45870172651
5.05399489403,2.10149244871
5.05655288696,4.97773808311
5.0589530468,4.88445737166
5.0614259243,1.90641477122
5.06391501427,2.07915893407
5.06641888618,4.90884444793
5.06891584396,3.275575632
5.07140994072,0.133517989889
5.07390499115,0.79342677258
5.0764029026,4.11123871454
5.07889986038,2.5
5.08140182495,3.68737517623
5.08388590813,0.803824984469
5.08638501167,0.926531874575
5.08888792992,3.61395135871
5.09138584137,4.98076478369
5.09387683868,2.17809903319
5.09637188911,2.49999999884
5.09886789322,0.448250330519
5.10140991211,4.28372891387
5.10386300087,1.35824857978
5.10635781288,1.51951750391
5.10886287689,4.24625351909
5.11135983467,2.61709041079
5.11388993263,4.37400861876
5.11635804176,0.549386469647
5.11885690689,4.51126461732
5.12134885788,2.61349115754
5.12384200096,4.200543107
5.1263320446,1.49892188958
5.12882494926,1.57644302817
5.13133192062,4.37799634063
5.13381695747,0.166778799612
5.13631892204,2.31022245134
5.1388130188,2.2611155815
5.14131188393,0.0073040893767
5.14381289482,3.53757427656
5.14630198479,0.829394725151
5.14879989624,0.896615643287
5.15130400658,3.87462108862
5.15379691124,2.5
5.15629482269,3.78987011616
5.15878891945,0.746998767136
5.16128396988,0.401716365013
5.1637878418,3.28907557297
5.16628098488,4.81921084458
5.16877198219,1.95261504385
5.17127203941,2.0201792696
5.17377090454,4.98578254716
5.17626786232,4.81886015506
5.17875885963,2.01744029531
5.18125987053,1.56012088992
5.18375992775,4.37563897693
5.18625593185,3.09363268432
5.18874597549,0.305464194389
5.19124388695,0.567210452864
5.19374394417,3.98829541169
5.1962389946,2.5
5.19873595238,4.27328062942
5.20123100281,1.27880422631
5.20372700691,0.749667662894
5.20622491837,3.85939136031
5.2087199688,0.541725461371
5.2112159729,2.49999999884
5.21371102333,2.1603640914
5.2162129879,4.94095472386
5.218708992,4.1628791648
5.22120094299,1.53281297768
5.22369599342,0.937053222442
5.22619986534,3.64399807178
5.22869491577,2.50283752917
5.23119783401,4.47625219473
5.23368501663,0.618640558096
5.23618483543,4.34023514739
5.23868393898,2.8496130195
5.2411839962,4.85028541414
5.24366903305,2.01221792377
5.24616503716,1.35772721376
5.24866890907,4.50389748439
5.25115990639,0.446460152743
5.25365781784,2.49622036004
5.25615286827,1.72622218379
5.25865697861,4.39781232737
5.26115083694,3.47411232884
5.2636449337,0.926714692032
5.26613402367,0.451254639775
5.26864004135,3.33450596663
5.27113699913,2.5
5.27363300323,4.11740451353
5.27612686157,1.16588125238
5.27862095833,0.126916090958
5.28112697601,3.57462505926
5.28361392021,0.349161589984
5.28611183167,2.39163179998
5.28860902786,1.92638755892
5.29111385345,4.89268785692
5.29360699654,4.81114471913
5.29609799385,2.07517829142
5.29859495163,1.00284169079
5.30110001564,3.82769093034
5.30362582207,3.08621432632
5.30608391762,0.340958666056
5.30857896805,0.487642984372
5.31108593941,3.79420066951
5.3135778904,2.76401477982
5.31607484818,4.82649627142
5.31856584549,1.6855308949
5.32106399536,0.476965504931
5.32356500626,4.19920133078
5.32605600357,1.01056621992
5.32855296135,2.49999999884
5.3310508728,1.61855495302
5.3335518837,4.4543693529
5.3360478878,4.21386476606
5.33853888512,1.56679016189
5.34103703499,0.368477690499
5.34354186058,3.12627630075
5.34602999687,2.50508535304
5.34853100777,4.56363257836
5.3510248661,0.784623414511
5.35352182388,4.08246232313
5.35602092743,3.26504350407
5.35851097107,0.486574929673
5.36100888252,2.37218533177
5.36350393295,1.12886926625
5.36600589752,4.58065380924
5.3684990406,0.593913734192
5.37099099159,2.49108254211
5.37348604202,1.11288036685
5.37598896027,3.78545891261
5.37848591805,3.57297662064
5.38100481033,0.879129901296
5.38347601891,0.0854574947152
5.38599181175,2.92824562057
5.38847494125,2.53380550887
5.39100790024,4.67709123157
5.39346289635,1.54614366358
5.39596486092,4.79646248161
5.3984618187,3.96234992193
5.40098690987,0.891335153719
5.40344882011,2.49999999884
5.40594792366,1.76064764964
5.40844893456,4.61421133019
5.4109480381,4.91680149105
5.41343688965,1.98990262812
5.41593384743,0.469249770977
5.41843295097,3.31228512456
5.42093300819,3.21722424938
5.42341899872,0.29279288603
5.42591786385,0.561728279572
5.42842197418,3.56799912988
5.4309220314,3.20823357091
5.43340492249,0.372872970765
5.43590497971,2.01678999234
5.43841290474,0.252232692437
5.44090795517,4.52218660736
5.44339704514,1.35997636477
5.4458899498,2.49999999884
5.44838786125,1.02799999877
5.45089197159,3.96951735835
5.45338582993,4.38163107028
5.45587682724,1.41115771723
5.45838093758,4.86555031966
5.46088004112,2.70402054652
5.46337294579,2.63806667528
5.46587085724,4.83123394661
5.46836090088,1.00359093165
5.47086286545,3.84421800729
5.47335791588,3.79936074489
5.47584986687,1.08075248078
5.47834396362,2.49999999884
5.48085284233,0.97115796525
5.48334884644,4.55154485302
5.48583602905,0.736232650233
5.48833298683,2.31693129521
5.49083089828,0.459926020121
5.49333000183,3.2348715805
5.49582886696,3.78206258058
5.4983189106,0.718770651147
5.50082182884,4.84698427375
5.50331497192,2.69395241747
5.50581383705,2.99964227364
5.50830698013,0.317537153605
5.51080393791,1.79162932327
5.51330399513,4.5560245635
5.51580095291,4.37884896877
5.51828885078,1.40969696571
5.52078795433,2.49999999884
5.52328681946,1.26935361652
5.525785923,4.1512324498
5.52827787399,0.13224027236
5.53077483177,1.71384519315
5.53327703476,4.93347258773
5.53576898575,2.83046153956
5.53826904297,3.37402699748
5.54076504707,0.291530996328
5.54325485229,0.671367592877
5.54577684402,3.37156254798
5.54825091362,3.74261177494
5.5507478714,0.921577926492
5.55324482918,2.20177299809
5.55574083328,0.150717624929
5.5582408905,4.75225196802
5.56073403358,1.60825624829
5.5632288456,2.4632763362
5.56572604179,0.460851448588
5.56822800636,3.55895440793
5.57072591782,4.66911631869
5.57321381569,1.10526626348
5.57571601868,4.49479245697
5.57821393013,2.5
5.58071184158,3.10223867767
5.58320093155,0.337434007088
5.58569693565,1.13963813754
5.58819794655,3.72091587284
5.59069895744,4.40486854175
5.59318685532,1.67465672479
5.59568095207,2.49999999884
5.59817886353,0.850900803925
5.60068702698,4.38498579198
5.60317397118,0.931154702557
5.6057009697,1.96898608003
5.60817289352,4.83902771026
5.61066889763,2.82628121204
5.6131670475,4.00408196612
5.61565804482,0.573877755087
5.61815786362,4.78643713635
5.62065792084,2.64874772634
5.6231508255,3.58735579299
5.62564086914,0.917451321147
5.62813782692,1.83201818843
5.6306450367,4.46425960981
5.63313388824,4.77817812585
5.63562893867,1.90579470829
5.63812303543,2.49999999884
5.64062190056,0.634820467094
5.64312291145,3.73246871517
5.64561200142,0.403771607671
5.64810800552,1.30990663078
5.65061593056,4.41538035637
5.65311098099,2.5
5.65560698509,3.48755279789
5.65809488297,0.432051802054
5.66059684753,0.719006781001
5.66309785843,3.29727542354
5.66559195518,4.28158153198
5.6680829525,1.43948346493
5.67058086395,2.22574369982
5.67307496071,0.153785260627
5.67557787895,4.75274201133
5.67806887627,1.71938913059
5.68056893349,2.06702782889
5.68306684494,4.92334443261
5.68556284904,3.20754535263
5.68806195259,4.93247799925
5.69055581093,0.780255717691
5.6930539608,4.28707354236
5.6955499649,2.5
5.69804596901,3.67841915111
5.70054602623,0.808971356601
5.70303583145,1.10145750921
5.70553898811,3.75370207941
5.70803499222,4.9635245651
5.71052789688,2.16021591448
5.71302294731,2.49999999884
5.71551990509,0.467832675204
5.71801996231,4.18310038978
5.7205119133,1.18431146024
5.72300601006,1.4909534785
5.72550988197,4.2510971392
5.72800588608,2.55842756596
5.73050498962,4.16706392774
5.73299503326,0.540682107676
5.73549604416,4.71810709685
5.73799180984,2.69836643478
5.74049401283,4.20789361233
5.74298286438,1.50172157213
5.74547481537,1.73058376065
5.7479789257,4.5132670016
5.75047087669,0.0936425675172
5.75296592712,2.23647849984
5.75546097755,2.24841635441
5.75795984268,0.00170199899003
5.76046299934,3.43572446727
5.76295304298,0.638148329454
5.765447855,0.876292445464
5.76794981956,3.88780804467
5.77045083046,2.5
5.77294802666,3.63139929133
5.77543401718,0.745176865021
5.77793288231,0.590860724915
5.78043603897,3.38044523727
5.78293204308,4.80573278619
5.78542304039,1.95848037256
5.78791904449,2.17905550962
5.79041695595,0.135474673007
5.79291987419,4.67540383455
5.79540491104,1.87120686169
5.79790401459,1.55266638845
5.80041003227,4.37907486456
5.80290389061,2.99499751069
5.8053958416,0.110102840699
5.80792498589,0.574700804427
5.81039381027,4.1767451528
5.81288981438,2.53240103018
5.81538701057,4.26364639075
5.81787991524,1.29348120536
5.82037687302,0.932344471803
5.82287502289,3.9508898824
5.82536792755,0.494218878448
5.82786488533,2.49999999884
5.8303630352,2.15758683393
5.832862854,4.9358420237
5.83535695076,4.02894620085
5.83785295486,1.38271173346
5.84034991264,0.927139772102
5.84285092354,3.67241700995
5.84534502029,2.5
5.84784698486,4.2659768858
5.85034203529,0.636032243492
5.85283684731,4.53867259785
5.85533285141,2.9126213002
5.85782885551,4.85589713673
5.86032891273,2.01902671484
5.86282491684,1.5307683195
5.86531996727,4.6000633575
5.86781096458,0.297451501247
5.87030696869,2.40164148388
5.87280297279,1.71632985002
5.87530684471,4.35899888165
5.87780404091,3.32482976606
5.8802959919,0.764578499366
5.88278985023,0.465691130375
5.88529396057,3.38717532344
5.88778781891,2.5
5.8902888298,4.0811682411
5.89277601242,1.21870811214
5.89527082443,0.318839238025
5.89777684212,3.64276635926
5.90026783943,0.333583093015
5.90276288986,2.40380972158
5.90525698662,2.11234571412
5.90775299072,0.00309811090119
5.9102640152,4.64113325696
5.91275191307,1.95917505305
5.91524791718,1.00591534399
5.91774988174,3.82827687776
5.92024803162,2.9609817313
5.92273592949,0.172405118356
5.92523097992,0.555651350878
5.92773389816,3.99296308868
5.93023586273,2.80188457808
5.93272781372,4.82562160352
5.93521881104,1.7416654597
5.93771290779,0.686495339032
5.94022083282,4.26477065193
5.94270682335,0.926652224734
5.94520401955,2.49999999884
5.94769883156,1.61639991449
5.95020294189,4.43725185003
5.95269799232,4.04539099429
5.95519089699,1.44246852258
5.95768690109,0.376080203569
5.96019101143,3.13415529323
5.96268486977,2.5
5.96518301964,4.39432379673
5.96767282486,0.863414304331
5.97018003464,4.29017617367
5.97267198563,3.31221998204
5.97516202927,0.480523316655
5.97765684128,2.40092409309
5.9801568985,1.33759228513
5.98265886307,4.63374427054
5.98514890671,0.38975990261
5.98764801025,2.39952258766
5.99014782906,1.09879199881
5.99264287949,3.78595511545
5.99514102936,3.41696219635
5.99763298035,0.736237431411
6.0001308918,0.144649284193
6.00262999535,3.01933133509
6.0051279068,2.55252432427
6.00762200356,4.69911740511
6.01011586189,1.62730174256
6.01261997223,4.99652310275
6.01511597633,4.00826115976
6.01760482788,0.880626625149
6.02010297775,2.49999999884
6.02259898186,1.81626000442
6.02509999275,4.60016922327
6.02759885788,4.70952553442
6.03009104729,1.89238632214
6.03258299828,0.468660608167
6.03508782387,3.29579310375
6.03758192062,3.0615608918
6.04007697105,0.157343760366
6.04257082939,0.652725702384
6.04507303238,3.74617832713
6.04756999016,3.23183449102
6.05006194115,0.369108649902
6.0525560379,2.09113660385
6.05504989624,0.471113380045
6.05755591393,4.55866111792
6.06004881859,1.26488007256
6.06254386902,2.49999999884
6.06503796577,1.02831626893
6.06754302979,3.94775572349
6.07003998756,4.19512035325
6.07253098488,1.29999581026
6.07503294945,4.90974743501
6.0775270462,2.75930953561
6.08002686501,2.62732269708
6.08253097534,4.81836867984
6.08500504494,1.10786329955
6.08751702309,4.03302636812
6.0900118351,3.83591662161
6.09250402451,1.10463381861
6.09499788284,2.49999999884
6.09749388695,1.17313587456
6.09999895096,4.55408617738
6.10248804092,0.538217682624
6.1049849987,2.25089149666
6.10747790337,0.457126180409
6.11001491547,3.23189226561
6.11247801781,3.59540067031
6.11497187614,0.608496950008
6.11747193336,4.98438538634
6.11997199059,2.82671123859
6.12246584892,3.01274967729
6.12495803833,0.324725278188
6.12745189667,1.88252023421
6.12995791435,4.74833449465
6.13245296478,4.39791296492
6.1349439621,1.39538270887
6.13743901253,2.49999999884
6.13993787766,1.26250959816
6.14243793488,4.11238284432
6.14493489265,4.92497617146
6.1474609375,1.64082984906
6.15005397797,4.95666021015
6.15245604515,2.83550539403
6.15492486954,3.18467107601
6.15741300583,0.179635045351
6.15991282463,0.814843856497
6.16242003441,3.53864760138
6.1649119854,3.75264524017
6.16739797592,0.907343288418
6.16989898682,2.28931628517
6.17239093781,0.370458959369
6.17489480972,4.67941768584
6.17738699913,1.37932922458
6.17988491058,2.42459199741
6.18238091469,0.462049832568
6.18488287926,3.50341843092
6.18737602234,4.45784576354
6.18986988068,1.02703619399
6.19236898422,4.59034777712
6.19486689568,2.53138091997
6.19736099243,3.10479343985
6.19985604286,0.335760643939
6.2023499012,1.27032093238
6.20485496521,3.89750803006
6.20734882355,4.41734128399
6.2098429203,1.6655098414
6.21233797073,2.49999999884
6.21483492851,0.998801034875
6.21734786034,4.32278463151
6.21982884407,0.720745695289
6.22232294083,1.92015572335
6.22483181953,4.8202005343
6.22731685638,2.77396780904
6.22982382774,3.78666618024
6.23230886459,0.500861767214
6.23480892181,4.96853361372
6.23730993271,2.77183101396
6.23980593681,3.60394971562
6.24229598045,0.939971910557
6.24479484558,1.96272535948
6.2472949028,4.65303293895
6.24979496002,4.75268077687
6.25228285789,1.82920301333
6.25478100777,2.49999999884
6.25727295876,0.610328785842
6.25978183746,3.64329418167
6.26226902008,0.186404463602
6.26476383209,1.26203861553
6.26726698875,4.42966532893
6.26976490021,2.5
6.27225899696,3.28073702287
6.2747490406,0.352945384802
6.27724885941,0.874535635812
6.27975201607,3.4349967551
6.28224396706,4.28698442294
6.28473997116,1.45444745896
6.28723788261,2.35344481654
6.28972697258,0.34237477812
6.29223394394,4.64240846108
6.29472303391,1.53255411424
6.29721784592,2.03936645179
6.29972600937,4.9253137887
6.30221891403,3.14435872366
6.30471491814,4.72122832783
6.30720901489,0.747975090053
6.30971097946,4.49890692485
6.31223893166,2.50586772687
6.31470489502,3.67567069945
6.31719398499,0.837117836345
6.31968998909,1.28128479002
6.32219004631,3.89891812112
6.32468891144,4.96799420216
6.3271818161,2.16572391684
6.32967782021,2.49999999884
6.33216786385,0.475766710006
6.3346760273,4.09083955223
6.33716487885,1.00229033618
6.33966183662,1.45152764861
6.34216403961,4.23931758036
6.34466195107,2.5
6.3471570015,3.95690359175
6.34964585304,0.480532787042
6.35215187073,4.85118711251
6.35464787483,2.77656196035
6.35714483261,4.21802143916
6.35963392258,1.54868731275
6.36213302612,1.88400747138
6.36463093758,4.65524762752
6.36712384224,0.0120613875333
6.36962890625,2.13909013779
6.37211084366,2.23887656
6.37461686134,4.97208196903
6.37711596489,3.30469266046
6.37961387634,0.443233606638
6.38209986687,0.85556608974
6.38460588455,3.91612748965
6.38710284233,2.5
6.38960695267,3.53862906573
6.39209485054,0.761890546419
6.39459085464,0.777757660253
6.39709401131,3.4819518961
6.39958500862,4.79504368152
6.40207290649,1.96243246784
6.40457081795,2.31699950295
6.40706992149,0.268018660136
6.40957903862,4.51694434043
6.41205692291,1.71440540813
6.41455793381,1.55437152484
6.41705989838,4.3865216081
6.41956496239,2.90708639426
6.42204785347,4.93996607489
6.42454385757,0.626816324657
6.42704701424,4.40226233681
6.42955088615,2.59695127374
6.43203496933,4.26172536216
6.43453288078,1.32285022642
6.43702697754,1.1177050136
6.43953990936,4.0576553042
6.44201993942,0.43776789098
6.44452095032,2.49562737881
6.44701290131,2.16453021392
6.44956684113,4.94412214961
6.45201301575,3.92057284713
6.45450496674,1.23504195828
6.45700097084,0.922882435843
6.4595348835,3.66617808118
6.46199798584,2.5
6.46449589729,4.0902334603
6.46698689461,0.672059538774
6.46951603889,4.75079516531
6.47198581696,2.97547016293
6.47448396683,4.8752978933
6.47697281837,2.06569864415
6.47949790955,1.69338486856
6.48197698593,4.6872363938
6.48446297646,0.135536921443
6.48695993423,2.28620241513
6.48948097229,1.7083578615
6.49195694923,4.34492381522
6.49445700645,3.20093748975
6.496945858,0.602910825983
6.49946498871,0.492995787645
6.50194597244,3.47930932418
6.50444197655,2.5
6.50693798065,4.06897450914
6.50943088531,1.2779302022
6.51192903519,0.510007661069
6.51442885399,3.70670722681
6.51691889763,0.319614039036
6.5194170475,2.41290711798
6.52191185951,2.21826451598
6.52440881729,0.0398645678069
6.52690887451,4.4311550667
6.52940297127,1.83141781949
6.5318980217,1.00965059944
6.53439998627,3.85105785099
6.53689599037,2.86086354521
6.53938698769,0.0123696390074
6.54188704491,0.606425806182
6.54438900948,4.18306657695
6.54689884186,2.84183023963
6.54937791824,4.82359470217
6.55187392235,1.79498766898
6.55436587334,0.879820418777
6.55687189102,4.31942550698
6.55936002731,0.837211436592
6.56185793877,2.49999999884
6.56435489655,1.63570774719
6.56685900688,4.4310533395
6.56935095787,3.89335450134
6.57184791565,1.31899971981
6.57433891296,0.403143680887
6.57684397697,3.17288869759
6.5793390274,2.5
6.58184194565,4.29039803683
6.58432483673,0.925947291544
6.58683800697,4.48229736299
6.58932900429,3.35460482398
6.59182691574,0.51413721405
6.59431195259,2.45585414465
6.59680986404,1.50255978224
6.59931397438,4.66599854641
6.60180592537,0.193628836423
6.60429883003,2.31151498388
6.6067969799,1.08655727236
6.60930085182,3.7262229831
6.61179900169,3.25353979948
6.61433386803,0.594217538601
6.61678695679,0.2197354706
6.61928391457,3.14173330553
6.62178397179,2.5615398027
6.62427997589,4.70331007265
6.62677192688,1.69630309334
6.62926888466,0.186936727259
6.6317679882,4.0560400195
6.63426089287,0.852011910174
6.63675689697,2.49999999884
6.63925385475,1.8494582281
6.64175581932,4.58023833111
6.64425086975,4.51581311296
6.64674282074,1.79083193885
6.64924001694,0.471351218875
6.65174484253,3.29118262511
6.65424084663,2.92268958059
6.65672898293,0.0295725488104
6.65922403336,0.781698201317
6.66173195839,3.93877972034
6.66422486305,3.25534614502
6.66671586037,0.362263505813
6.66921186447,2.14237072039
6.67171001434,0.671754555078
6.67421197891,4.55192532972
6.6767039299,1.06039176811
6.67919802666,2.49999999884
6.68169593811,1.04268591618
6.68419981003,3.90261461609
6.68669486046,4.00894518942
6.6891849041,1.2090196833
6.69168996811,4.98286371701
6.69418382645,2.83080309629
6.69667983055,2.62746813125
6.69917583466,4.82030948857
6.70167088509,1.2215225352
6.70417094231,4.22686886275
6.70666599274,3.87433650438
6.7091588974,1.13716790918
6.7116549015,2.49999999884
6.71414899826,1.36735948734
6.71665287018,4.54488138435
6.71914100647,0.316953776637
6.72164702415,2.19395108172
6.72413301468,0.439597152872
6.72663784027,3.14992990578
6.72913789749,3.41282230918
6.73162889481,0.505524113541
6.73412299156,0.161752852146
6.73662400246,3.00478705904
6.73912191391,3.02552417037
6.74161696434,0.361814018106
6.74410891533,1.99291952187
6.74661183357,4.93516740971
6.7491209507,4.40907053417
6.75159883499,1.3458657125
6.7540948391,2.49999999884
6.7565908432,1.24059725436
6.75909495354,4.05351324589
6.76159286499,4.71791687072
6.76408004761,1.57218569657
6.76658296585,4.96138212737
6.7690808773,2.80523075839
6.77157783508,3.01474749809
6.77406692505,0.0854038610123
6.77656388283,0.966010307893
6.77906799316,3.70303271804
6.78156495094,3.757185461
6.78405594826,0.911671107169
6.78655791283,2.3776740965
6.78903794289,0.559267369099
6.79155087471,4.61071484722
6.79404187202,1.15725661861
6.79653501511,2.38701387658
6.79903197289,0.472171627916
6.8015370369,3.47304432769
6.804033041,4.2672787467
6.80653882027,0.961664820788
6.80902481079,4.73986596451
6.81152200699,2.6341837272
6.81401896477,3.09460037271
6.81651186943,0.332471724832
6.81900787354,1.39795474824
6.82151293755,4.07248311793
6.82400488853,4.43439705996
6.82649803162,1.68414465734
6.82899403572,2.49999999884
6.83148694038,1.0572017543
6.83399295807,4.26071113325
6.83648180962,0.522390082479
6.83897995949,1.88781994628
6.84148192406,4.82610292966
6.84397602081,2.74542392464
6.84647202492,3.5947068606
6.84896492958,0.428597087739
6.85146284103,0.130613349611
6.85396504402,2.8918855486
6.85645985603,3.60473854584
6.85895299911,0.97631944227
6.86145281792,2.08134714747
6.86395001411,4.8112505977
6.86644697189,4.71659074887
6.86893701553,1.74472007318
6.87143397331,2.49999999884
6.87392902374,0.610302039422
6.87643003464,3.5552788002
6.87892889977,4.97636070824
6.88142585754,1.21468380792
6.88391804695,4.4406831474
6.88641786575,2.5
6.8889169693,3.12269693357
6.89140796661,0.317885508994
6.89390182495,1.05614026194
6.89640688896,3.57203447376
6.89890193939,4.28393903072
6.90139603615,1.44421930308
6.90388584137,2.45251172455
6.90638804436,0.518006599741
6.90888690948,4.53499436611
6.91138386726,1.33582943352
6.9138739109,2.01990671572
6.91640901566,4.92917332565
6.91887402534,3.08005973231
6.92137289047,4.53529553954
6.92386198044,0.733236434171
6.92636489868,4.68847414944
6.92886185646,2.60734243551
6.93135881424,3.68121260544
6.93384981155,0.846428761724
6.93634390831,1.43174532452
6.93884682655,4.04164753272
6.94134187698,4.93503738428
6.94383788109,2.12890471332
6.94633197784,2.49999999884
6.94882798195,0.481285095448
6.95133185387,3.97650208673
6.95382785797,0.816792167025
6.95631885529,1.43273237511
6.95882201195,4.22446001205
6.96131682396,2.5
6.96381497383,3.75294264755
6.96630597115,0.486359951319
6.96879792213,0.124789659167
6.97130584717,2.89612821885
6.9738008976,4.24751104438
6.97628998756,1.57396528404
6.97878503799,2.01651915908
6.98130702972,4.78451088071
6.98378491402,4.90606998443
6.98627281189,2.01395667624
6.98878693581,2.20924513647
6.99127793312,4.95645991876
6.99376583099,3.21750464849
6.9962618351,0.251502544852
6.99875497818,0.837962679798
7.00126290321,3.96427221713
7.0037548542,2.5
7.00625085831,3.47789697931
7.00874400139,0.773718809942
7.01124501228,0.951977062505
7.01374483109,3.58638028614
7.01624202728,4.78618982947
7.0187318325,1.9655025471
7.0212290287,2.45727062342
7.02372384071,0.435894886032
7.02622890472,4.39349977649
7.02871799469,1.5507732227
7.03121781349,1.53488137294
7.03371500969,4.38573920866
7.03621292114,2.82183727017
7.0387108326,4.73661819473
7.04119896889,0.625231057638
7.04370284081,4.59704819601
7.04619789124,2.66523443977
7.04869699478,4.25630194601
7.05118894577,1.35994492215
7.05368304253,1.30706489668
7.05618596077,4.17712977156
7.05867600441,0.370654126164
7.06117391586,2.45972978417
7.06367087364,2.16556764324
7.06617093086,4.93611785118
7.06866884232,3.78053404973
7.07115888596,1.07209299342
7.07365393639,0.926796487765
7.07615590096,3.71463217423
7.07865381241,2.5
7.08115196228,3.86128467508
7.08364391327,0.676099787233
7.08614182472,4.96358880308
7.08864092827,3.05029137991
7.09113883972,4.88521643216
7.09362792969,2.08200411755
7.09613990784,1.85728532728
7.09862184525,4.79945528903
7.10112500191,4.99065024778
7.10361790657,2.1566694323
7.10611081123,1.68571254588
7.10861301422,4.34205146856
7.111109972,3.09083407279
7.11359882355,0.416766897542
7.11609601974,0.504706163192
7.11859893799,3.56868615723
7.12111186981,2.5
7.12358999252,4.07149392879
7.12608194351,1.30885093589
7.12857794762,0.701587550575
7.1310839653,3.79488034407
7.13357400894,0.30505290837
7.13606882095,2.41372351535
7.13856387138,2.30225856765
7.14106297493,0.100334415911
7.1435649395,4.26826029317
7.1460518837,1.68185373186
7.14855003357,1.00020139362
7.15105986595,3.85645832866
7.15354990959,2.74611992179
7.15604686737,4.81909740483
7.15854001045,0.656503929058
7.1610429287,4.40063269925
7.16353487968,2.89010641281
7.16603183746,4.81361110578
7.16852283478,1.83160407585
7.17102003098,1.09476414509
7.17352700233,4.40163078718
7.17601490021,0.700192297809
7.17851090431,2.49999999884
7.18101000786,1.63404860767
7.18350982666,4.42499427008
7.18600797653,3.73487360193
7.18849682808,1.1532959668
7.19099783897,0.424224219751
7.19349789619,3.28091652598
7.19599103928,2.5
7.1984899044,4.25053078216
7.20100402832,0.993806098122
7.2034778595,4.71149823628
7.20597982407,3.41930112569
7.20847082138,0.512189202709
7.21099090576,2.47579033137
7.21346187592,1.71597794397
7.2159678936,4.75553315948
7.21848797798,0.00671494868584
7.22098183632,2.1975063032
7.2234518528,1.06898324564
7.22595381737,3.71920169797
7.22844791412,3.09287927346
7.23094296455,0.410111289239
7.23343491554,0.296629561344
7.23593783379,3.30820176518
7.23843383789,2.60188220069
7.24093198776,4.7255822341
7.24342298508,1.75052064355
7.24591898918,0.404300325317
7.24842190742,4.10648192046
7.25091195107,0.801260909066
7.25340604782,2.49999999884
7.2559030056,1.84471049113
7.25840783119,4.55470423563
7.26090598106,4.308047425
7.2633960247,1.666008475
7.26588797569,0.483629201772
7.26839089394,3.30598831526
7.27089285851,2.76588000706
7.27338695526,4.83873617486
7.27587985992,0.861271754839
7.27837991714,4.15238602087
7.28087902069,3.28488102998
7.28336787224,0.344526792178
7.28586483002,2.1923587902
7.28835892677,0.919805051526
7.29086494446,4.58254488767
7.29335403442,0.822482458316
7.2958509922,2.49999999884
7.29834485054,1.0519980872
7.30084991455,3.92038842663
7.303347826,3.83153893403
7.30583786964,1.06678613927
7.30833482742,0.0445565406699
7.31083583832,2.92977565085
7.31333303452,2.63511336292
7.31582903862,4.81404563761
7.31832289696,1.32423248375
7.32082700729,4.45695089642
7.32332897186,3.9085383818
7.32581281662,1.09933548956
7.3283059597,2.49999999884
7.33080196381,1.57396671129
7.33331203461,4.58280032268
7.33580303192,0.112010347657
7.33830690384,2.09302746342
7.34079098701,0.425818494987
7.34329104424,3.15666937619
7.34578895569,3.2149860065
7.34827589989,0.34351938637
7.35077691078,0.29738180805
7.35327792168,3.18988332059
7.35577487946,3.04871099303
7.35826086998,0.344482091023
7.36076402664,2.05838157213
7.36325788498,0.16852357774
7.36575889587,4.44018369191
7.36824989319,1.28037992283
7.37075090408,2.49999999884
7.37324500084,1.23127736035
7.37574601173,3.9989590121
7.37824201584,4.47559778811
7.3807349205,1.46604268695
7.3832359314,4.9841902731
7.38573288918,2.81998673105
7.38822698593,2.81885821605
7.39072704315,4.9148346798
7.39321494102,1.06867316528
7.39571595192,3.9033167169
7.39821481705,3.7822265015
7.40070700645,0.882000455167
7.40320491791,2.4455286446
7.40569901466,0.823698039167
7.40820002556,4.60841796594
7.41069602966,0.931976323482
7.41319084167,2.34088992351
7.41568493843,0.486741192872
7.41818785667,3.44684765441
7.42068886757,4.0527909575
7.42317581177,0.854847141309
7.42568182945,4.88759223837
7.42817091942,2.77989476454
7.43067288399,3.10117131914
7.43316292763,0.338365434436
7.43565702438,1.54822591227
7.43815994263,4.2796672089
7.44065904617,4.44269032916
7.44314694405,1.65893199039
7.44564390182,2.49999999884
7.44813895226,1.05858149007
7.45064401627,4.20853311429
7.45313382149,0.30593489646
7.45563101768,1.81143309106
7.45813393593,4.83265492017
7.46063494682,2.73339817999
7.4631228447,3.37535128696
7.46561789513,0.320648541674
7.46811199188,0.313005931675
7.4706158638,3.04946544231
7.47311282158,3.62562232651
7.47560596466,0.966843992937
7.47809886932,2.18539759633
7.48059797287,0.0235957093537
7.48309993744,4.69014626462
7.48558998108,1.62695939536
7.48808693886,2.49999999884
7.4905860424,0.589150675805
7.49308395386,3.48857847159
7.49558281898,4.74552751402
7.49807500839,1.14555609412
7.50057792664,4.47620802792
7.50307297707,2.5
7.5055668354,2.99684957368
7.50806093216,0.246283330489
7.51055693626,1.19108556188
7.51305890083,3.73232829967
7.51555585861,4.27837225609
7.51804590225,1.43174708472
7.52057504654,2.49999999884
7.5230410099,0.745051308768
7.5255408287,4.47749567102
7.52803182602,1.13794502802
7.53053283691,1.98925322504
7.53303194046,4.94090274442
7.53552699089,3.02418947453
7.53802585602,4.31532391929
7.54051589966,0.668485310161
7.54301786423,4.86242863
7.54551196098,2.71406622487
7.54800987244,3.66262955125
7.55050182343,0.84978218074
7.55299687386,1.59072922659
7.55549883842,4.22032251954
7.5579969883,4.93314289837
7.56049084663,2.11254644208
7.56298398972,2.49999999884
7.56547904015,0.484641991789
7.56798195839,3.89845916769
7.57047796249,0.618430122267
7.57297086716,1.38951823697
7.57547402382,4.27862200653
7.57797002792,2.5
7.58046793938,3.52884855587
7.58295702934,0.423164807726
7.58545303345,0.301814178238
7.58795595169,3.01349264453
7.59045600891,4.26569170435
7.59294295311,1.57685578684
7.59543991089,2.14972515358
7.59793901443,4.96405549115
7.60044193268,4.81844596565
7.60292983055,1.86452553491
7.60542488098,2.20321489964
7.60792684555,4.96625566273
7.6104259491,3.14609539579
7.61291599274,0.0327858619858
7.61541199684,0.802258230979
7.61791300774,4.05070010456
7.62041282654,2.5
7.62290692329,3.4641631064
