0.00176191329956,-0.309744176921
0.00353693962097,-0.239081531763
0.00551986694336,0.309202923672
0.00717496871948,0.309343083063
0.00884699821472,-0.0719731056597
0.0105090141296,-0.307938911719
0.012167930603,-0.308001373196
0.0139019489288,-0.210306814406
0.0155990123749,0.305801163195
0.0172760486603,0.309229054255
0.0188689231873,0.229403465055
0.0204970836639,-0.304325044854
0.0221560001373,-0.309660881758
0.0238208770752,-0.305077994708
0.0254809856415,0.220436494565
0.0271470546722,0.309383963468
0.0288119316101,0.306627788814
0.0305349826813,-0.204365345417
0.0322508811951,-0.308644116158
0.0341348648071,-0.309352297336
0.0362300872803,-0.0744275515899
0.0380520820618,0.309227160178
0.0398070812225,0.30298263533
0.0414779186249,-0.235822275281
0.0430510044098,-0.308360476047
0.0446240901947,-0.307984119281
0.0462889671326,-0.0233335152734
0.0479528903961,0.309215466259
0.0496139526367,0.309317253996
0.0512809753418,0.0483019766398
0.0529460906982,-0.309758140938
0.0546119213104,-0.309840101982
0.0562748908997,-0.258587811841
0.0579349994659,0.2975781227
0.0595960617065,0.309390450129
0.0612609386444,0.27006998891
0.0629360675812,-0.291524592321
0.0646340847015,-0.308405975811
0.0663189888,-0.308741295012
0.0681049823761,0.132771749049
0.0701220035553,0.303975330899
0.0721800327301,0.250322892098
0.0739848613739,-0.299795903265
0.0756199359894,-0.30868068221
0.0771949291229,-0.30660570832
0.0787580013275,0.182268657954
0.0804040431976,0.309314130573
0.0820689201355,0.308368653059
0.0837399959564,-0.166181634413
0.0854020118713,-0.309703636449
0.087070941925,-0.309916764963
0.0887310504913,-0.106754599838
0.0903868675232,0.309001618298
0.0920510292053,0.309401268605
0.0937170982361,0.140286773676
0.0954320430756,-0.307296982501
0.0971150398254,-0.308244156186
0.0989339351654,-0.294413341908
0.101037025452,0.25887007243
0.102963924408,0.309246778488
0.104747056961,0.0953870860394
0.106428861618,-0.309235242894
0.108000993729,-0.308872649912
0.109570026398,-0.277707539499
0.111196994781,0.287467304152
0.112858057022,0.309379501268
0.114521980286,0.283842750359
0.116193056107,-0.282380859135
0.11785697937,-0.30942209647
0.119520902634,-0.309808659367
0.121176958084,0.108186032157
0.122842073441,0.309214910958
0.12450504303,0.309381869156
0.126225948334,-0.0669190962799
0.127892971039,-0.307826258941
0.12971997261,-0.308062958065
0.131722927094,-0.209882357158
0.1337890625,0.309202709468
0.135590076447,0.308915432543
0.137283086777,-0.120624033734
0.139496088028,-0.30950461165
0.14115691185,-0.305517156376
0.142814874649,0.212952936999
0.144481897354,0.309379696846
0.146141052246,0.307089319685
0.147823095322,-0.197561943205
0.149477958679,-0.308935305802
0.15114402771,-0.309471803484
0.152806997299,-0.0803208886646
0.154466867447,0.309039449785
0.156157970428,0.309312673053
0.157836914062,0.123034734279
0.159585952759,-0.307968818815
0.16160607338,-0.307639902458
0.163641929626,1.24601498479
0.165505886078,0.309186059749
0.167255878448,0.308858091012
0.169466972351,-0.264945477247
0.171118021011,-0.309805922443
0.172780036926,-0.309564762283
0.174436092377,0.0645114434883
0.17610001564,0.309301434318
0.177768945694,0.309466307517
0.179435014725,-0.0370197894517
0.18110203743,-0.308279402088
0.182766914368,-0.308992927894
0.18443107605,-0.230326741003
0.18611907959,0.303597091697
0.187803983688,0.309249088168
0.189527988434,0.25340326014
0.191427946091,-0.298671144992
0.193419933319,1.28785863752
0.195424079895,-0.194486464607
0.197120904922,0.306551603135
0.198693037033,0.309315043269
0.20025396347,0.210449767765
0.201950073242,-0.306223641383
0.203571081161,-0.309877479449
0.205234050751,-0.303229027195
0.206888914108,0.237629682524
0.208559036255,0.309344979469
0.210219860077,0.305491299368
0.211894989014,-0.217339752708
0.213556051254,-0.308126647724
0.215221881866,-0.308625792386
0.216984033585,-0.0616410048679
0.218649864197,0.309076466365
0.220459938049,0.309224206721
0.222456932068,0.0830856687389
0.224478960037,-0.308891944587
0.226265907288,-0.308493409539
0.227917909622,0.00678337877616
0.229485034943,0.309238749323
0.231239080429,0.30938095646
0.232805967331,0.0137525622267
0.23438000679,-0.309264587704
0.236027956009,-0.309926655609
0.237693071365,-0.246492815204
0.239347934723,0.300877687987
0.241008996964,0.309353603516
0.242673873901,0.263903625309
0.24434709549,-0.294199542841
0.246012926102,-0.307991317241
0.247730016708,-0.307903827634
0.249384880066,0.144045391353
0.251199960709,0.309193172725
0.253190994263,0.305215761764
0.255295038223,-0.302406303817
0.257123947144,-0.309369638562
0.258817911148,-0.306988346856
0.261061906815,0.308296718867
0.262750864029,0.309419789119
0.264340877533,0.179391389247
0.26598906517,-0.307262076531
0.267651081085,-0.309389159083
0.269311904907,-0.300016696565
0.270971059799,0.252804553602
0.272634029388,0.309254106833
0.274297952652,0.303981305333
0.275969028473,-0.229701162316
0.277672052383,-0.307895962615
0.279355049133,-0.308054649504
0.281100988388,-0.0396608922165
0.283079862595,0.309164279606
0.285089969635,0.331069604727
0.287050962448,-0.260533130495
0.288814067841,-0.307469323743
0.290950059891,-0.267155149486
0.292609930038,0.294050682569
0.29426908493,0.309424140723
0.295934915543,0.275678765029
0.297606945038,-0.288519160822
0.299268960953,-0.308855939656
0.300932884216,-0.309149298118
0.302633047104,0.122924186289
0.304255008698,0.309175882721
0.305922031403,0.309268254787
0.307592868805,-0.0793238508049
0.30931186676,-0.308391173603
0.310985088348,-0.307996200863
0.312835931778,-0.201735419687
0.314810037613,0.297932574758
0.316856861115,0.308765178779
0.318737983704,-0.146169954678
0.320405006409,-0.3074693284
0.32257604599,-0.30403122073
0.324229955673,0.231725056656
0.325892925262,0.309348657029
0.327563047409,0.305960767437
0.329231023788,-0.212710209889
0.330892086029,-0.308286976069
0.332561016083,-0.308903419646
0.334222078323,-0.0671142782085
0.335875034332,0.309051951626
0.33754491806,0.309270946309
0.339236021042,0.109398502391
0.340926885605,-0.308684074553
0.342719078064,-0.30853025848
0.344765901566,-0.286827108357
0.346827030182,0.309263808886
0.348679065704,0.309220621129
0.350372076035,0.024562444305
0.352540016174,-0.309842643328
0.354192972183,-0.309829395264
0.35585308075,0.0913250609301
0.357519865036,0.309261090588
0.359180927277,0.309416472446
0.360853910446,-0.0541335600428
0.362515926361,-0.307879175525
0.36417388916,-0.308356781024
0.36584186554,-0.223199345637
0.367501020432,0.30450027436
0.369164943695,0.309220958734
0.370882987976,0.245179283665
0.372547864914,-0.301331245573
0.374351024628,-0.309054779354
0.376306056976,-0.304546685657
0.378457069397,0.308012738824
0.380277872086,0.309148128144
0.381917953491,0.186167120701
0.384160041809,-0.309263464296
0.385819911957,-0.309895687969
0.387485027313,-0.0936402159277
0.389137983322,0.309025142342
0.390800952911,0.309367855079
0.392468929291,0.132842342136
0.394144058228,-0.307415687712
0.395803928375,-0.307995965704
0.397468090057,-0.292515562614
0.399126052856,0.268870610744
0.400815010071,0.309247426922
0.402497053146,0.298573343316
0.404260873795,-0.25599234039
0.406290054321,-0.309744176921
0.408192873001,-0.309133939445
0.410111904144,0.29181722668
0.411815881729,0.308993009385
0.413387060165,0.27879774454
0.414965867996,-0.286366867367
0.416608095169,-0.309117346769
0.418273925781,-0.309391664341
0.419930934906,0.117215864593
0.421595096588,0.309186456725
0.423259019852,0.309306401759
0.42492890358,-0.0736940291245
0.426591873169,-0.308191421209
0.428261995316,-0.307963901432
0.429923057556,-0.207594889216
0.431631088257,0.306040094001
0.433292865753,0.309279003413
0.435137987137,0.225060059456
0.437212944031,-0.307469327236
0.439197063446,-0.309665130917
0.440975904465,-0.135047767544
0.442624092102,0.307927426184
0.444182872772,0.309446901083
0.445744991302,0.15817179461
0.447408914566,-0.307310783537
0.449065923691,-0.308772333665
0.450726985931,-0.297479218571
0.45238494873,0.259134572698
0.45404791832,0.309212359134
0.455709934235,0.302748703398
0.457387924194,-0.237520897062
0.459047079086,-0.308496314101
0.46071100235,-0.308069573948
0.462423086166,-0.0165263866074
0.464081048965,0.309231319698
0.466120958328,0.308993001236
0.468092918396,0.644000625471
0.469989061356,-0.309875843814
0.471783876419,-0.30979775358
0.473452091217,0.0813589943573
0.475687026978,0.309380971594
0.477354049683,0.269011094933
0.479027986526,-0.291986023076
0.480692863464,-0.308272766415
0.482351064682,-0.308414070169
0.484004020691,0.133688352071
0.485670089722,0.309156303992
0.487339019775,0.309187758248
0.489005088806,-0.0953989650588
0.49066901207,-0.309053574456
0.492358922958,-0.308592036599
0.494056940079,-0.181224307744
0.495790958405,0.307648220332
0.497829914093,0.309148128144
0.499832868576,2.45675676269
0.501722097397,-0.309441114077
0.503546953201,-0.309950178489
0.505649089813,0.245667714626
0.507308959961,0.309303237591
0.50897192955,0.30486812233
0.51063990593,-0.222689948278
0.512307882309,-0.307920175837
0.513972043991,-0.308311596746
0.515634059906,-0.0543384090997
0.517298936844,0.309124058113
0.51895904541,0.309242951917
0.520619869232,0.0906324444804
0.522294998169,-0.309410524787
0.523995876312,-0.309190464905
0.525683879852,-0.275304280221
0.527484893799,0.289286461193
0.529447078705,0.309398535173
0.531588077545,-0.0055190641433
0.533413887024,-0.309744176921
0.535069942474,-0.309524368495
0.537268877029,0.111189984018
0.53892993927,0.30919298064
0.540592908859,0.309344725683
0.54226398468,-0.0685791822616
0.543927907944,-0.307946621906
0.545592069626,-0.307998185745
0.547259092331,-0.212420007447
0.548918008804,0.305606145412
0.550577878952,0.309276368935
0.552243947983,0.231208237819
0.553943872452,-0.304071101127
0.555639028549,-0.309675895842
0.557369947433,-0.305284556234
0.559341907501,0.218583418755
0.56131196022,0.0829600996803
0.563209056854,0.165417266544
0.565025091171,-0.307249006582
0.566633939743,-0.308523473796
0.568207979202,-0.29842258431
0.569766998291,0.256923532579
0.571382045746,0.309226863319
0.573045969009,0.303303918336
0.574717998505,-0.234042804223
0.576381921768,-0.308336892631
0.578048944473,-0.307972816518
0.57971405983,-0.0266034901142
0.581368923187,0.309216448804
0.583031892776,0.309317120118
0.584740877151,0.0515995465685
0.586426973343,-0.309760498349
0.588260889053,-0.30984275043
0.590205907822,-0.268477300415
0.592315912247,0.309296037303
0.594099998474,0.309525792254
0.595769882202,-0.0408937595785
0.597347021103,-0.308122969
0.598916053772,-0.308713624254
0.600517034531,-0.229352946626
0.602174043655,0.303729211446
0.603877067566,0.309243048541
0.605499982834,0.252008505631
0.607177019119,-0.299319251208
0.608839988708,-0.30858623446
0.610500097275,-0.306729740696
0.612160921097,0.179762495682
0.613826990128,0.309312273748
0.615530967712,0.308446732815
0.617218971252,-0.163457321469
0.619070053101,-0.309685895918
0.621034860611,-0.309910863871
0.623063087463,0.241140329745
0.624796867371,0.309305348201
0.626451969147,0.305214540567
0.628031015396,-0.219054077752
0.629641056061,-0.307983878301
0.631306886673,-0.308450014563
0.632972002029,-0.0600796740036
0.634626865387,0.309101247694
0.636296987534,0.309239644557
0.637959957123,0.0988075439818
0.639626979828,-0.309224473312
0.641293048859,-0.308895116905
0.642956972122,-0.278609070228
0.644613981247,0.286759365117
0.646317958832,0.309381907573
0.647998094559,0.284636057913
0.649842977524,-0.281541275326
0.651833057404,-0.307469326071
0.653892040253,-0.244170358637
0.655667066574,0.301354355179
0.657340049744,0.309323278489
0.65890288353,0.262948266463
0.660477876663,-0.294737671502
0.662100076675,-0.307942025829
0.663763046265,-0.307689347537
0.665415048599,0.147092917468
0.667087078094,0.309210049454
0.668747901917,0.309058136772
0.670417070389,-0.117615233175
0.672085046768,-0.309628796531
0.673747062683,-0.309322634712
0.675410032272,-0.155068710446
0.677114009857,0.308482154505
0.678776025772,0.309420842677
0.680598974228,0.173285079654
0.682585000992,-0.307181593962
0.684654951096,-0.309454208473
0.686445951462,-0.0832936016377
0.688128948212,0.309148129309
0.689697027206,0.309334433405
0.691251993179,0.125737335766
0.692890882492,-0.307952399598
0.694550991058,-0.307945631212
0.696218013763,-0.289983955445
0.697937965393,0.273022729671
0.699537992477,0.309273753082
0.701204061508,0.295877209865
0.702871084213,-0.263888523914
0.704581975937,-0.309811090119
0.706203937531,-0.309576329309
0.707895994186,0.0618921814021
0.70956993103,0.3092980769
0.711389064789,0.309460201534
0.713362932205,-0.0342120812275
0.715486049652,-0.30856594909
0.717278957367,-0.308995342348
0.718970060349,0.12331124628
0.721175909042,0.309250834398
0.722841978073,0.254640206695
0.724509954453,-0.298284947639
0.726175069809,-0.308441780508
0.727843046188,-0.306842584396
0.729494094849,0.172151112929
0.731158018112,0.30929780798
0.732824087143,0.308632767992
0.734499931335,-0.154121501837
0.736159086227,-0.309834165964
0.737855911255,-0.309880384011
0.739538908005,-0.118406974943
0.741261005402,0.308944005519
0.743225097656,0.309334433405
0.745169878006,1.28822034691
0.747220039368,-0.308110641781
0.749027967453,-0.30746911536
0.751136064529,0.262420828221
0.752801895142,0.309196839808
0.754462957382,0.301605218556
0.756131887436,-0.243801721372
0.757799863815,-0.308913046028
0.759464025497,-0.308528090827
0.761116981506,0.00435270951129
0.76278090477,0.309284769464
0.764446973801,0.309390028706
0.766113042831,0.0162437942345
0.767786979675,-0.309249208076
0.76949596405,-0.309917965205
0.771166086197,-0.247685872018
0.772973060608,0.300600567134
0.774833917618,0.308237664867
0.77664399147,0.264948963886
0.778757095337,-0.307826640783
0.7804210186,-0.30818912317
0.78199505806,-0.220632400597
0.783588886261,0.304786608322
0.785250902176,0.309248553822
0.786968946457,0.241738475161
0.788591861725,-0.302180494182
0.790252923965,-0.309340917738
0.791915893555,-0.306059562135
0.793574094772,0.203454962466
0.795237064362,0.309363421984
0.796901941299,0.307573600439
0.798578023911,-0.188408098184
0.800280094147,-0.309141478501
0.801958084106,-0.309684204403
0.803786993027,-0.088927707402
0.805840015411,0.305216286797
0.807779073715,0.304148234427
0.809550046921,-0.228469299618
0.811246871948,-0.307843759656
0.812826871872,-0.308055299101
0.814393043518,-0.0418638798874
0.816044092178,0.309163535712
0.817713022232,0.309287825366
0.819366931915,0.0721883890219
0.821043968201,-0.309656196041
0.822707891464,-0.309609493706
0.824373006821,-0.26789566502
0.826027870178,0.293715405278
0.827696084976,0.309423984727
0.829355955124,0.276321723359
0.831086874008,-0.288075295975
0.832748889923,-0.308854507748
0.834588050842,-0.309159683529
0.836536884308,0.120864167111
0.838625907898,0.309269739082
0.840401887894,0.257282570237
0.842074871063,-0.297244602116
0.843643903732,-0.308235610137
0.845212936401,-0.307078215992
0.846834897995,0.16416432918
0.848495006561,0.309283890529
0.850158929825,0.308800403727
0.851831912994,-0.144157973118
0.853494882584,-0.309824207798
0.85515999794,-0.309800818795
0.856827020645,-0.127724843333
0.858484983444,0.308873471804
0.860146045685,0.309432692593
0.86185503006,0.153958383016
0.863547086716,-0.307214187924
0.865392923355,-0.308520095423
0.867369890213,-0.307465662481
0.869431972504,0.309033471858
0.871222019196,0.30918184435
0.872890949249,0.111645116704
0.875154972076,-0.308652935782
0.876802921295,-0.308312141569
0.878460884094,-0.0076489103958
0.880120038986,0.309264257085
0.881785869598,0.309366391739
0.883450031281,0.0292129826266
0.88511800766,-0.309452278307
0.886782884598,-0.309921277221
0.888453006744,-0.252297398401
0.890105962753,0.29946116847
0.891794919968,0.309372552438
0.893487930298,0.267460419564
0.895274877548,-0.29266722966
0.897346019745,-0.309429757763
0.899268865585,2.44381442899
0.901125907898,0.304310360225
0.90288901329,0.309219539631
0.905106067657,-0.100232240511
0.906790018082,-0.309314819751
0.908457040787,-0.308775757439
0.910084962845,-0.174189120298
0.911743879318,0.307940747589
0.913404941559,0.309398676036
0.915070056915,0.189474612707
0.916744947433,-0.307055988815
0.918437957764,-0.309579300229
0.920073986053,-0.301180958049
0.92172908783,0.248366044834
0.923424005508,0.309269122081
0.925116062164,0.304625071585
0.927052021027,-0.224886229262
0.92905497551,-0.307885482907
0.930991888046,-0.292928928975
0.933050870895,0.254230293212
0.935064077377,0.30926946667
0.936707019806,0.0829912687186
0.938392877579,-0.309565197676
0.940042972565,-0.309446228202
0.941705942154,-0.272091997322
0.943365097046,0.291388608748
0.945024967194,0.309411570197
0.946692943573,0.27955732774
0.948369026184,-0.285783900181
0.950026988983,-0.309101715684
0.951694011688,-0.309398808749
0.953372001648,0.115112423664
0.955084085464,0.309182424098
0.956796884537,0.309317150386
0.958863973618,-0.0712448381819
0.960764884949,0.302875196794
0.962725877762,-0.307271408383
0.964410066605,0.156560235191
0.966032981873,0.308993009385
0.967644929886,0.30887666042
0.969256877899,-0.134496395476
0.970867872238,-0.309786652215
0.972498893738,-0.309679281199
0.974164009094,-0.136780776083
0.975822925568,0.30877109617
0.977488040924,0.30944979284
0.979147911072,0.160074388841
0.980822086334,-0.307250946062
0.982486009598,-0.30876115663
0.984201908112,-0.297769916942
0.985903978348,0.258284908487
0.98777794838,0.309162455378
0.989790916443,0.158748925896
0.991775989532,-0.308339523617
0.993675947189,-0.308346457314
0.995823860168,-0.0184660614468
0.997467041016,0.309233259177
0.999120950699,0.309339538217
1.00078606606,0.0417824427132
1.00245809555,-0.309676281177
1.00411987305,-0.309890584322
1.00578594208,-0.256643748144
1.00747895241,0.298207888845
1.00910592079,0.309382155538
1.01076793671,0.269839654211
1.01244497299,-0.291563464561
1.01414203644,-0.308264457854
1.01583409309,-0.308430007426
1.01763105392,0.131807484431
1.01974105835,0.278401324758
1.02183008194,0.249988163123
1.02364706993,-0.302105540177
1.02577495575,-0.308597015683
1.02742600441,-0.182692095404
1.02908086777,0.307584548136
1.03074288368,0.309383306885
1.0324048996,0.197679438861
1.03408193588,-0.306745326379
1.03574299812,-0.309812546475
1.03741002083,-0.302008884028
1.0390689373,0.24460270186
1.04072594643,0.309292228194
1.04239106178,0.305040718522
1.04406905174,-0.221218093066
1.04578089714,-0.30791793135
1.04749298096,-0.308302685153
1.04936599731,-0.0566202623304
1.05141496658,0.158842398087
1.05331587791,0.300170955015
1.05517697334,-0.250165537
1.05698490143,-0.302438635845
1.05904698372,-0.275926233735
1.06070399284,0.28885842883
1.06236505508,0.309397936799
1.06402897835,0.282513180282
1.06570291519,-0.283387606032
1.0673699379,-0.309259610949
1.06902909279,-0.309681261424
1.07068586349,0.108910672134
1.07235503197,0.309194960864
1.07401394844,0.309345718706
1.07572698593,-0.0658595201094
1.07742905617,-0.307967590634
1.07925009727,-0.30797900632
1.08139896393,-0.214529382065
1.08343887329,0.309220030904
1.08529305458,0.305215702392
1.08737897873,-0.303866791073
1.08900403976,-0.309678692138
1.09066605568,-0.305448978906
1.09232807159,0.217154206475
1.09398889542,0.309386092704
1.09565091133,0.306908861967
1.09732604027,-0.200457547326
1.09898686409,-0.308613622328
1.10064888,-0.309305324918
1.1023170948,-0.0804075994529
1.10397386551,0.309037414845
1.10563898087,0.309292091988
1.10734605789,0.123772326624
1.10912203789,-0.308121198323
1.1110830307,-0.308096719673
1.11320590973,-0.288871749071
1.11506986618,0.309216799214
1.11700391769,0.309314785991
1.11899495125,-0.266797470395
1.1206278801,-0.309846487362
1.12228894234,-0.309716276824
1.12394499779,0.069082720438
1.12560987473,0.30928525026
1.12727594376,0.309461804572
1.1289460659,-0.0381265534088
1.13061308861,-0.308109617326
1.13227391243,-0.30866835732
1.13393902779,-0.230994147714
1.13560009003,0.303495444823
1.13729190826,0.309241546784
1.13898086548,0.2533066459
1.14078593254,-0.298986146227
1.14287495613,-0.308602333535
1.14487195015,-0.191075729672
1.14670801163,0.307198202936
1.14852690697,0.195960509591
1.15059995651,-0.161341392668
1.15224790573,-0.309678436024
1.15390992165,-0.309916718397
1.15557694435,-0.112511127954
1.15723490715,0.308955410728
1.15889406204,0.309403329156
1.16056203842,0.145980196539
1.16223502159,-0.307200158713
1.16389393806,-0.308218345745
1.16556286812,-0.295457195025
1.16722607613,0.26284085121
1.16893196106,0.309201497585
1.1706469059,0.301213265629
1.17251896858,-0.245723146945
1.17472290993,0.605693535181
1.17663908005,-0.279502271442
1.17856907845,0.286077981582
1.18055796623,0.309402981075
1.18219590187,0.0080631650053
1.18388199806,-0.309114330448
1.18553209305,-0.309744690312
1.18720006943,-0.245727935107
1.18885588646,0.301026916131
1.1905169487,0.309309937293
1.19218206406,0.264177031349
1.19385695457,-0.294267146382
1.19551897049,-0.307931565912
1.19718694687,-0.307729783235
1.1988799572,0.144616384059
1.20057797432,0.309204086661
1.20237588882,0.309076465201
1.20453596115,-0.11519207852
1.20654702187,-0.309528879588
1.20836901665,-0.306081922026
1.2101650238,0.209321184084
1.21216487885,0.309430379421
1.2138209343,0.175486661028
1.21549391747,-0.307097564219
1.2171599865,-0.309238231275
1.21882104874,-0.299741995987
1.22047686577,0.253100462724
1.22214794159,0.309239644557
1.22380208969,0.304005636135
1.22547698021,-0.229391084285
1.2271399498,-0.308109155158
1.22880887985,-0.308003008831
1.2305150032,-0.0378426117823
1.23223590851,0.309196786257
1.23415589333,0.30918184435
1.23620986938,0.0648168404587
1.23813295364,-0.309819886461
1.24000501633,-0.30959006981
1.24212789536,0.295164623531
1.24377989769,0.309406083543
1.24544405937,0.274516018108
1.24712395668,-0.289105044212
1.24877500534,-0.308553078212
1.25044894218,-0.309017860563
1.2520980835,0.122788909357
1.25376486778,0.309163994389
1.25542902946,0.309255609754
1.25710296631,-0.0801364192739
1.25876307487,-0.308546771994
1.26046299934,-0.30821916298
1.26214909554,-0.198419055669
1.26393604279,0.306706506526
1.26606488228,0.297932566609
1.26809000969,-0.151530231815
1.26996397972,-0.309829924954
1.27172994614,-0.309892705409
1.27373790741,0.234382894123
1.27539587021,0.309346113354
1.2770960331,0.305880917003
1.27882599831,-0.213374514133
1.28044009209,-0.308127258904
1.28206706047,-0.3086061473
1.28373003006,-0.0680147577077
1.28538703918,0.309065531474
1.28705191612,0.309255298926
1.2887160778,0.10827363003
1.29038786888,-0.308994511142
1.29210996628,-0.308683317853
1.29386401176,-0.282313954085
1.29577589035,0.28335824376
1.29787707329,-2.45852043852
1.29976201057,0.0199587026145
1.30164790154,-0.307469324907
1.30371594429,-0.309836792294
1.30536699295,0.094729680568
1.30702209473,0.30922291684
1.30868697166,0.309412509669
1.31039690971,-0.0543607305735
1.3120200634,-0.307839250891
1.31368994713,-0.308189307107
1.31535100937,-0.223026933381
1.31700897217,0.304504657397
1.31866908073,0.309243139345
1.32033491135,0.243749257643
1.32203102112,-0.301777806599
1.32372307777,-0.309359955136
1.32555890083,-0.30625805608
1.32766199112,0.176105233841
1.329611063,0.309413271025
1.33145403862,0.184143639635
1.33322405815,-0.302438633516
1.33532691002,-0.309651216958
1.33700299263,-0.0932039611507
1.33865094185,0.309010762721
1.3403069973,0.309328085277
1.34197306633,0.134121988667
1.34364390373,-0.307656818768
1.34531188011,-0.307958079502
1.34697699547,-0.292232065694
1.3486289978,0.269127864158
1.35029292107,0.309252971783
1.35196304321,0.298047288088
1.35368299484,-0.25779592921
1.3554110527,-0.309748505242
1.35727500916,-0.309425898595
1.3592569828,0.0461865100078
1.36125397682,0.309423619183
1.36313891411,0.27595504187
1.36529994011,-0.308387207333
1.36700391769,-0.309197830502
1.3686208725,-0.237433873117
1.37026405334,0.302535466617
1.37193393707,0.309261983493
1.37359404564,0.259230323136
1.37527108192,-0.29662215733
1.37695503235,-0.308248209767
1.37859392166,-0.307159806835
1.38025188446,0.160867990926
1.38191509247,0.309284152463
1.38361692429,0.308848638088
1.38532090187,-0.140598976286
1.38720393181,-0.309820227558
1.38935709,-0.309810423059
1.39127802849,0.228157675592
1.39308190346,0.309347057482
1.39483809471,0.195942079881
1.3969578743,-0.307129585417
1.39857697487,-0.308502876433
1.40022993088,-0.297530068783
1.40188694,0.258553001331
1.40355396271,0.309207980754
1.40521597862,0.302730337717
1.40688490868,-0.237756037386
1.40855693817,-0.30867453781
1.41021704674,-0.308329464169
1.41192007065,-0.0115583906882
1.41356897354,0.30926592648
1.41526699066,0.309373158962
1.41712498665,0.0333502795547
1.41925406456,-0.272254619049
1.42155098915,-0.309842848219
1.42365407944,0.29897127999
1.42536997795,0.309376018122
1.42699599266,0.269050429342
1.42861700058,-0.291967103258
1.43022799492,-0.308089111932
1.43185305595,-0.308180552674
1.43350887299,0.132430304075
1.43517899513,0.309174099239
1.43684101105,0.309172589332
1.4385099411,-0.0963218300603
1.44017386436,-0.309331928147
1.44183897972,-0.308778443141
1.44350194931,-0.177090744255
1.44520807266,0.307838231092
1.44697999954,0.309395868098
1.44890189171,0.192387142451
1.45096492767,1.2878637109
1.45288991928,-0.309877428226
1.45478892326,-0.107261769008
1.45682787895,0.30926946667
1.45847892761,0.30493543949
1.46014809608,-0.222297187429
1.46181201935,-0.307872325648
1.46347403526,-0.30813400168
1.46513986588,-0.0537028128747
1.46679902077,0.309135054704
1.46846103668,0.309273302555
1.47012495995,0.0868765590712
1.47179603577,-0.309562530601
1.47346186638,-0.309460959397
1.47515106201,-0.273387291236
1.47684693336,0.290606060298
1.4787299633,0.309391337214
1.48087787628,0.280649020569
1.48285698891,-0.308798588812
1.48470687866,-0.311242330354
1.48679304123,0.111286678584
1.48846292496,0.309181278571
1.4900970459,0.309318384388
1.49177098274,-0.0671913940459
1.49343895912,-0.308235847624
1.49510002136,-0.30796642066
1.49676299095,-0.211601280607
1.49843287468,0.305702724727
1.50008487701,0.309285826515
1.50174498558,0.228597773239
1.50341796875,-0.304482871434
1.5050868988,-0.309803927084
1.50678491592,-0.305144115118
1.50853800774,0.22223343025
1.51045894623,0.309358882951
1.51260495186,0.306682446972
1.51449894905,-0.307140370132
1.51637101173,-0.308739563916
1.5184738636,-0.0787638057955
1.52008509636,0.309029078344
1.52172207832,0.309280515648
1.52338600159,0.121671074303
1.52506089211,-0.30833671568
1.526720047,-0.308357243193
1.52838301659,-0.287505411543
1.53004002571,0.27675702353
1.5317029953,0.309328810545
1.53336787224,0.293156343978
1.53504300117,-0.269566940842
1.53673791885,-0.309892414371
1.53843903542,-0.309827255551
1.54021286964,0.0753898534458
1.54229092598,0.305216287961
1.54429507256,0.271287112264
1.54613804817,-0.290794419125
1.54789996147,-0.287938057445
1.55001807213,-0.23031116114
1.55168008804,0.303599004401
1.55334591866,0.309226925019
1.5550069809,0.251901966985
1.55668091774,-0.299586021574
1.55834698677,-0.308800151106
1.56000304222,-0.306853163056
1.5616710186,0.183661022456
1.56332993507,0.309338041116
1.56498908997,0.308329951949
1.56666088104,-0.168456864776
1.56838488579,-0.309416931123
1.57010889053,-0.309972474352
1.57201290131,-0.10707792826
1.57404303551,-2.19102194416
1.57593894005,0.305309530813
1.57782101631,-0.218874242855
1.57999396324,-0.308053421322
1.58164286613,-0.294892147649
1.58330607414,0.263833795907
1.58496403694,0.309234702727
1.58662700653,0.300602192292
1.5882999897,-0.248433824163
1.58996486664,-0.309445766034
1.59162592888,-0.308880257653
1.59328508377,0.0212151079904
1.59494900703,0.309314108454
1.5966129303,0.309422765858
1.59831309319,0.00069830333814
1.60001802444,-0.308930801693
1.60183596611,-0.309482126031
1.60398387909,-0.24430481717
1.60602498055,0.309220625786
1.6078209877,0.30885796994
1.60996890068,-0.294682907406
1.6116039753,-0.307918360922
1.61330008507,-0.307533650193
1.61492300034,0.147045396734
1.61658787727,0.309224564116
1.61825108528,0.309056043625
1.61992001534,-0.120996099431
1.62158489227,-0.309748405125
1.62324905396,-0.309545419877
1.62491607666,-0.150574409636
1.62657308578,0.308552720817
1.6282389164,0.309442590224
1.62994289398,0.170745326905
1.63165807724,-0.307078127516
1.63357806206,-0.309047121555
1.6356549263,-1.85563415405
1.63754892349,0.308995324885
1.63941788673,0.309292685706
1.64157700539,-0.230014252011
1.64322304726,-0.308357422473
1.64488697052,-0.307978342753
1.64654994011,-0.0335670507047
1.64821195602,0.309222973883
1.6498708725,0.309316233033
1.65153598785,0.0582883693278
1.65320706367,-0.309746550629
1.65487194061,-0.309854777297
1.65653300285,-0.262743486091
1.65819787979,0.296093851794
1.65989589691,0.309392232448
1.66158008575,0.273735596566
1.66338992119,-0.289440054912
1.6657409668,-0.30838153325
1.66771507263,-0.233134755399
1.66999602318,0.309147912776
1.67172598839,0.309243057854
1.67335009575,-0.0817478063982
1.67496109009,-0.308818239719
1.67657208443,-0.308484742418
1.67818403244,-0.194241962163
1.6798350811,0.306988973171
1.6814930439,0.309364187997
1.68316197395,0.209246892482
1.6848320961,-0.306047144113
1.68649196625,-0.309908470372
1.6881570816,-0.303401247365
1.68981695175,0.237206657184
1.69151592255,0.309321729001
1.69323587418,0.305769480765
1.69519686699,-0.214194096625
1.69731092453,-2.42428284371
1.69920396805,-0.296160597354
1.70107603073,0.25887007243
1.70314097404,0.309240856441
1.70479607582,0.105923280353
1.70647192001,-0.309207359096
1.70813393593,-0.308927672449
1.70979499817,-0.2806626854
1.71145200729,0.285023341421
1.71311593056,0.309385530418
1.71481704712,0.286428541876
1.71645402908,-0.279465860222
1.71812009811,-0.309382290579
1.71977901459,-0.309854596853
1.72147488594,0.0977731135208
1.72314786911,0.309212246211
1.72490906715,0.309389543254
1.72722101212,-0.0555536907632
1.7291328907,-0.30797900632
1.73095798492,-0.307786354097
1.73272204399,0.079420087859
1.7347509861,0.309267544653
1.73641705513,0.240798527375
1.73809289932,-0.302446851274
1.73975205421,-0.309540926246
1.74141693115,-0.306117370492
1.74307608604,0.206198719097
1.74473595619,0.309380994877
1.74640107155,0.307514752494
1.74807596207,-0.190019040601
1.74973392487,-0.308878477663
1.75139689445,-0.309433324728
1.75311207771,-0.091166307684
1.75480890274,0.309012646321
1.75663805008,0.309315043269
1.75878787041,1.28817797289
1.7607049942,-0.308127258904
1.76269698143,-0.308004547842
1.76479887962,0.270310658962
1.76673793793,0.305216287961
1.76891088486,0.0696492916904
1.7706849575,-0.309733767062
1.7724468708,-0.309744176921
1.77420496941,-0.266796868527
1.77638101578,0.309287328273
1.77813100815,0.309467629995
1.77988791466,-0.0258613319602
1.78553891182,-0.311242328025
1.78791689873,0.283365149517
1.79039406776,0.25819277158
1.79254388809,-0.308545533335
1.794465065,-0.308240393642
1.79635906219,0.166102666408
1.79811000824,0.309315043269
1.79985308647,0.308761070482
1.8016140461,-0.147905547637
1.80384707451,-0.309875714593
1.80560207367,-0.304164298577
1.80734705925,0.232015120564
1.80909705162,0.308237664867
1.81132507324,0.155006438727
1.81771492958,-0.0724767404608
1.82041287422,0.0829570181668
1.82261395454,0.102687991457
1.82467007637,-0.30894987518
1.826431036,-0.308589356719
1.82819104195,-0.00341183622368
1.82993888855,0.305216287961
1.83213186264,0.288898365106
1.83388495445,-0.276451850077
1.83563804626,-0.309674814343
1.83739304543,-0.309873695951
1.83961987495,0.299694449641
1.84136390686,0.309349623276
1.84749507904,-0.308207888156
1.85031700134,1.27071958501
1.85250496864,0.309252210427
1.85464096069,-0.101859497372
1.85640597343,-0.309581179172
1.8581609726,-0.309744174592
1.85991501808,-0.17030980438
1.86208796501,0.309370177565
1.86383390427,0.307837586151
1.86559009552,-0.182721688179
1.86734390259,-0.309119403828
1.86958909035,-0.301234427607
1.87133598328,0.247974711237
1.87737298012,-0.307630762691
1.88018798828,-0.232005101861
1.88238692284,0.267489103135
1.88436198235,0.309250736609
1.88622188568,0.0798944744747
1.88799095154,-0.30966729857
1.88975095749,-0.309901385335
1.89150309563,-0.267314747907
1.89371299744,0.309303423855
1.89545989037,0.309457936091
1.89721989632,-0.0173164100852
1.89897894859,-0.311871164013
1.90120792389,-0.309193441644
1.90660095215,0.113468485652
1.90880990028,-1.08901175903
1.91141986847,-0.308055300266
1.91368603706,0.644739941927
1.91564393044,0.308237664867
1.91785502434,0.224295890657
1.91961598396,-0.305003542453
1.92137408257,-0.309901385335
1.92312908173,-0.304832365364
1.9253320694,0.308795735473
1.92708301544,0.30942303245
1.9288380146,0.160742284497
1.93059587479,-0.307051704731
1.93283104897,-0.308833298041
1.93894004822,0.303083676845
1.94123792648,-0.154323271709
1.94330191612,-0.308759287
1.94532299042,-0.0154816918075
1.9471039772,0.309238749323
1.94885587692,0.309148111846
1.95060396194,0.0318124960177
1.9528028965,-0.309814605862
1.95472192764,-0.309429657646
1.95700907707,0.298453588039
1.95875906944,0.309334433405
1.96051192284,0.270482462365
1.962266922,-0.291181290522
1.96778798103,-0.308314790018
1.97001194954,0.309224254452
1.97233009338,-0.0925317150541
1.9742500782,-0.309338001534
1.97618794441,-0.306768125156
1.97796392441,0.189364103135
1.97971391678,0.309355416102
1.98191905022,0.1951532159
1.98367905617,-0.306768128648
1.98543405533,-0.309536316199
1.98718690872,-0.302108869655
1.98941087723,0.308972615749
1.99115800858,0.309315043269
1.99290394783,0.142595715588
1.99845600128,-0.307317575207
2.00068092346,0.309109765803
2.00296902657,0.29993087519
2.00493788719,-0.248875573743
2.00697302818,-0.309464859311
2.0086209774,-0.274801105261
2.0102519989,0.289731103694
2.01188087463,0.309411305934
2.01355004311,0.281851364998
2.01525187492,-0.28378949035
2.01704597473,-0.30907413573
2.01880097389,-0.309422238497
2.02102804184,0.301507711411
2.02277803421,0.309229054255
2.02452301979,0.263445362216
2.03066492081,-0.214542893227
2.03304386139,0.308915450005
2.03511691093,0.079421143746
2.03700208664,-0.304135987535
2.03864789009,-0.309805097058
2.04028201103,-0.305461296812
2.04190587997,0.219428774435
2.04353308678,0.309355297359
2.04516386986,0.306892631343
2.04683709145,-0.200806005159
2.04850792885,-0.308387207333
2.0501639843,-0.30912034912
2.05183005333,-0.0832878449
2.05348992348,0.309010762721
2.05515503883,0.309275764739
2.05685186386,0.125651016133
2.05863904953,-0.308315812144
2.0606200695,-0.308383324882
2.06283903122,-0.0270056340378
2.06509208679,0.317684891634
2.06714701653,0.295450544218
2.06932091713,-0.309628212126
2.07108592987,-0.309886354953
2.07284808159,-0.261073237052
2.07459306717,0.295450661797
2.07678294182,0.309441861464
2.07860207558,-0.036581789609
2.08035588264,-0.307949521812
2.0821120739,-0.307469307445
2.08427500725,0.124135726364
2.0899078846,0.309162455378
2.09228587151,-0.308818239719
2.09480690956,-0.170819384512
2.0971019268,0.309345150599
2.09898805618,0.308413386811
2.10093593597,-0.306381053524
2.10270094872,-0.309810061008
2.10445809364,-0.302787795663
2.10620594025,0.235615693964
2.10845804214,0.309393451316
2.11021304131,0.146981450962
2.11197090149,-0.307302769506
2.11372995377,-0.309984652558
2.11590600014,-0.0642355065793
2.12230205536,-0.247035174398
2.12495803833,-2.42428837111
2.12723398209,0.0178662326653
2.12923288345,0.309393444331
2.13098907471,0.284366905689
2.13275790215,-0.28182521346
2.13451004028,-0.309984661872
2.13671302795,-0.245927342912
2.13850593567,0.30094209942
2.14026093483,0.309292601887
2.14200091362,0.265048551373
2.1441988945,-0.30798066291
2.14595508575,-0.30797900632
2.15227890015,0.309075438417
2.1550450325,-0.303237556946
2.15725207329,-0.232008273015
2.15920090675,0.212776699336
2.16095995903,0.309391337214
2.16270494461,0.307214549975
2.1644589901,-0.195573801175
2.16666698456,-0.309006095631
2.16845798492,-0.299668944208
2.17021298409,0.251775082434
2.1719648838,0.309217955219
2.17414903641,0.130309433443
2.17589998245,-0.308072117623
2.18200993538,0.309190907283
2.18484997749,1.26976835076
2.18714904785,-0.306359520182
2.18916487694,-0.309741424862
2.19092988968,0.0623685668688
2.19268798828,0.309148129309
2.19443702698,0.309452505317
2.19663000107,-0.288923942717
2.19838690758,-0.308436769992
2.20014405251,-0.308680647286
2.2018930912,0.125478643458
2.20410990715,0.309239011258
2.20585799217,0.256367319962
2.21129894257,-0.298078134656
2.21372199059,0.306902088923
2.21622490883,0.308623935562
2.21848201752,-0.305919069797
2.22038507462,-0.309909032658
2.22242903709,-0.118461941602
2.22417593002,0.308933573542
2.22591996193,0.309402834391
2.22766590118,0.151661403943
2.22991394997,-0.307959369384
2.23167109489,-0.308436769992
2.23342299461,-0.0697986164596
2.23516607285,0.308237664867
2.23739886284,0.301878321916
2.2433989048,0.303716398776
2.2461309433,0.309293523896
2.24838995934,0.286793783307
2.25035905838,-0.232009057654
2.25238704681,-0.309700677171
2.2541410923,-0.248927767389
2.25588703156,0.300308794249
2.2576379776,0.308237664867
2.25987195969,-0.0538893591147
2.26178693771,-0.309429756599
2.26354289055,-0.307469296968
2.26569199562,0.139202384744
2.26744699478,0.309162455378
2.27338886261,-0.154774399707
2.27557897568,1.28842954291
2.27763795853,0.308313913411
2.27959799767,1.27073267591
2.28151893616,-0.189036058728
2.28327703476,-0.308894533664
2.28503394127,-0.30929103028
2.28678393364,-0.0925120210741
2.28899288177,0.309239295311
2.29074001312,0.304508514237
2.29249095917,-0.2257514745
2.29424905777,-0.309429756599
2.29648590088,-0.29174685129
2.30193400383,0.269794779597
2.30413889885,1.28785272944
2.30639386177,0.15141247306
2.30828690529,0.0529122736771
2.31007790565,0.309282672824
2.31229901314,0.276530646952
2.31401586533,-0.287756775506
2.31577396393,-0.308493413031
2.3175740242,-0.30904426123
2.31932401657,0.0880524457898
2.32144594193,0.309250999708
2.32318806648,0.258680839324
2.32493686676,-0.297068343498
2.32668805122,-0.309429757763
2.33227586746,-0.30707576545
2.33450007439,0.217494360404
2.33683204651,-0.309802610427
2.33913302422,-0.304222719278
2.34090399742,0.231419630582
2.34309005737,0.309411305934
2.34474396706,0.156010518549
2.34641599655,-0.307060683845
2.34808802605,-0.308359459741
2.34974598885,-0.297275303164
2.3514020443,0.258546414552
2.35306692123,0.309190737316
2.35472989082,0.302502899431
2.35640096664,-0.239126771921
2.35806798935,-0.308960794937
2.35976696014,-0.308550014161
2.36148309708,-0.00423564109951
2.36329197884,0.309238749323
2.365473032,0.309385256842
2.36761593819,-0.277062642854
2.36989688873,-0.30988447601
2.37166905403,-0.252666129963
2.37387299538,0.309222366195
2.37553501129,0.309413498035
2.3772149086,-0.0492846604902
2.37887191772,-0.307832906255
2.38053202629,-0.308161897119
2.38220095634,-0.225927511929
2.38385891914,0.30414699344
2.38551998138,0.309248091653
2.38718986511,0.245976088336
2.38885807991,-0.301304948516
2.39056897163,-0.309380256804
2.39231801033,-0.30645395047
2.39430594444,0.198402384995
2.39634299278,0.309362495318
2.3982129097,0.187321293633
2.40004992485,-0.304546946427
2.4021999836,-0.309626983944
2.40383791924,-0.0977111677639
2.40549898148,0.308993477374
2.40716004372,0.309324827977
2.40882396698,0.138183746021
2.4104950428,-0.307628812734
2.41215395927,-0.307962297229
2.41382408142,-0.293011822505
2.4154779911,0.267513392027
2.41714191437,0.309253283776
2.41884803772,0.298584174598
2.42051386833,-0.256067006849
2.42220401764,-0.309742653044
2.42393302917,-0.309437294491
2.42603707314,0.0422693684231
2.42805290222,0.309420842677
2.42996001244,0.278874038486
2.43179702759,-0.232008881867
2.43380308151,-0.309160911711
2.43545889854,-0.239743241109
2.43712091446,0.302119348198
2.43877696991,0.309258803027
2.44044494629,0.261019339086
2.44211697578,-0.296003454132
2.4437789917,-0.308277256554
2.44544696808,-0.307239147369
2.44710588455,0.15760841663
2.44876194,0.309275771724
2.4504339695,0.308897951618
2.45214891434,-0.137301551877
2.45382595062,-0.309827255551
2.45569300652,-0.309824873693
2.45764303207,-0.131756196497
2.45971608162,0.309355297359
2.46152305603,0.306528764777
2.46321392059,-0.208703259705
2.46541690826,-0.308493629564
2.46708703041,-0.298101784429
2.46873903275,0.256767992396
2.47040200233,0.309203747893
2.4720659256,0.303077648859
2.47373986244,-0.235718103359
2.47540307045,-0.308692654362
2.47706890106,-0.308361754287
2.47873091698,-0.0151561875828
2.4803879261,0.309259522473
2.48207902908,0.309368700255
2.48377299309,0.036709291162
2.48556208611,-0.309407638852
2.48765587807,-0.309917735867
2.48968601227,0.0817586563062
2.49147891998,0.309247296536
2.49317502975,0.309418011457
2.49538397789,-0.291229480645
2.49705004692,-0.3080701828
2.49870491028,-0.308206287446
2.5003619194,0.129235885106
2.5020210743,0.309180420591
2.5036919117,0.309178908356
2.5053589344,-0.0932671851479
2.50702786446,-0.309335836209
2.5086889267,-0.308798213955
2.51035308838,-0.179327665828
2.51201295853,0.307745945174
2.51372408867,0.30939723365
2.51545190811,0.19444003352
2.51740407944,-0.306759352097
2.51960897446,-0.309535987908
2.52155995369,-0.103449588642
2.52344489098,1.27073934535
2.52535104752,0.305159129202
2.52704191208,-0.22039290634
2.52866387367,-0.307885092916
2.53032803535,-0.30812488636
2.53199195862,-0.0567802856676
2.53364801407,0.309128041845
2.53531193733,0.309276828775
2.53698301315,0.0895838066936
2.53864502907,-0.309562358307
2.5403110981,-0.309473625384
2.54197907448,-0.274248868227
2.54366707802,0.290081673302
2.54536795616,0.309412517818
2.54721999168,0.281433011405
2.54944205284,-0.232008934254
2.55141186714,-0.309307763819
2.55327987671,-0.251425871393
2.55531191826,0.309174099239
2.55700993538,0.309314500773
2.55863404274,-0.0639127963223
2.5602850914,-0.308243823238
2.56195092201,-0.307969547575
2.5636138916,-0.21351047093
2.56526994705,0.305531782797
2.56696486473,0.309285187395
2.56859993935,0.230255613569
2.57027006149,-0.304253234062
2.57193994522,-0.309809410246
2.57359790802,-0.305338925682
2.57531809807,0.220550701488
2.57706189156,0.309352946933
2.57902193069,0.306813629577
2.58115887642,0.605808274122
2.583122015,-0.308703718474
2.58503890038,-0.29874241678
2.58697986603,0.309021511348
2.58860206604,0.309259929927
2.59023594856,0.123945905361
2.59190702438,-0.308325693477
2.59357190132,-0.308386851102
2.59523701668,-0.287924152799
2.59689092636,0.276153276209
2.59856104851,0.309325475246
2.60021996498,0.293505884474
2.6018910408,-0.268852843437
2.60355687141,-0.309877085965
2.60525488853,-0.309828553582
2.60699295998,0.0734803592786
2.60885906219,0.309238749323
2.61099505424,0.309439566918
2.6129488945,-0.290448740125
2.61483407021,-0.309984653722
2.61689090729,-0.23162599653
2.61858105659,0.303411914501
2.62023687363,0.309220571071
2.62185788155,0.252951511648
2.62353086472,-0.299301146297
2.62519288063,-0.308823940577
2.62685608864,-0.306923667667
2.62851500511,0.182303492911
2.63018298149,0.309335011989
2.63184189796,0.308370310813
2.63351297379,-0.166889069369
2.63518595695,-0.30939933029
2.63690209389,-0.309950878145
2.63869595528,-0.109120754059
2.64058899879,0.308961939299
2.64267206192,-2.45855101268
2.64466691017,-0.217418093234
2.6465909481,-1.85607039952
2.64850401878,-0.29523066245
2.65015292168,0.262953584315
2.65181398392,0.309232422151
2.6534819603,0.300829337211
2.65515303612,-0.247430619784
2.65681409836,-0.309461454162
2.65847992897,-0.30890183989
2.66013407707,0.0194070662837
2.66180086136,0.309311811579
2.66346502304,0.309429997578
2.6651289463,0.00264750327915
2.66684508324,-0.308903419646
2.66860294342,-0.309476563707
2.67046809196,-0.245319262613
2.67265987396,0.635369515512
2.67456293106,0.309148086235
2.67644405365,-0.0730940920766
2.67851805687,-0.307907640235
2.68014788628,-0.307559268549
2.68177294731,0.145659936825
2.68343901634,0.309223430231
2.68510007858,0.309067186899
2.68677306175,-0.119769854937
2.68846297264,-0.309743392281
2.69010186195,-0.309548150981
2.69176292419,-0.151475300081
2.69342398643,0.30853524222
2.69509100914,0.309443327133
2.69675588608,0.171736929333
2.69850492477,-0.307037248276
2.70025205612,-0.309047121555
2.70222091675,-0.299449934391
2.70439791679,1.31329089869
2.70631504059,0.308858123608
2.708548069,-0.229355753399
2.71022605896,-0.30834082514
2.71185708046,-0.307979005156
2.71347904205,-0.0343833211809
2.71510195732,0.309205133235
2.71672701836,0.309313962935
2.71838903427,0.0588629150297
2.72006297112,-0.309743781108
2.72172689438,-0.309856489766
2.72338795662,-0.26297737495
2.72504806519,0.296002547257
2.7267100811,0.309392347699
2.72841191292,0.273978412151
2.73012804985,-0.289299613796
2.73197889328,-0.308360476047
2.73418402672,-0.463981401408
2.73615193367,0.303065929329
2.73796391487,0.295450661797
2.74006509781,-0.0814031832851
2.74169993401,-0.30880439328
2.74336695671,-0.308479422238
2.74502706528,-0.194060773356
2.7466840744,0.307004775386
2.74834990501,0.309361815453
2.75001192093,0.208912830567
2.75168609619,-0.306063723983
2.75335001945,-0.309906579787
2.75501608849,-0.303361646365
2.75666689873,0.237421552883
2.7583360672,0.309317249339
2.76006507874,0.305758368922
2.76182889938,-0.214325885754
2.76378488541,-0.307964365929
2.76596808434,-0.30842869659
2.76785302162,0.261060168268
2.76978206635,0.309203765355
2.77169108391,0.105463088257
2.77333593369,-0.309216903988
2.77498793602,-0.30894743395
2.77664899826,-0.280463430099
2.77831196785,0.285205676919
2.77997088432,0.309382881969
2.78163504601,0.286281730514
2.78330802917,-0.279621498194
2.78497195244,-0.309377972735
2.78663396835,-0.309846093878
2.78829598427,0.0982166838367
2.78997397423,0.309204524383
2.79166603088,0.309382695705
2.79355406761,-0.0558733846992
2.79571795464,-0.464017548366
2.7976770401,-0.307755827671
2.79956793785,0.140909005422
2.80163288116,0.309259929927
2.80326986313,0.240370950196
2.80494999886,-0.302527126623
2.80660891533,-0.309555950807
2.80827403069,-0.306086090859
2.80992889404,0.206896021264
2.81159090996,0.309382658452
2.81325888634,0.307478328468
2.81493186951,-0.190635351464
2.81659507751,-0.308846450644
2.81826090813,-0.309417828685
2.81992292404,-0.0905178929679
2.82168197632,0.309011837235
2.82340407372,0.309315043269
2.82535505295,0.132603537058
2.82759094238,-0.308145248564
2.82957100868,-0.298229114851
2.83164906502,0.270617046626
2.83330392838,0.309267201228
2.83492088318,0.296916880179
2.83657288551,-0.261176560307
2.83823609352,-0.309816619847
2.83989191055,-0.309613831341
2.84155297279,0.0551199144684
2.84321498871,0.309298449429
2.84488201141,0.309468526393
2.84654998779,-0.0265607680194
2.84821987152,-0.308233358664
2.84987902641,-0.308917447692
2.85158801079,-0.236223899992
2.85329699516,0.302701074397
2.85515594482,0.309238749323
2.85728502274,0.786095875083
2.85919809341,-0.308558085235
2.86108994484,-0.309429755434
2.86285209656,-0.4662271298
2.86486101151,0.309296865016
2.8665189743,0.308751355624
2.86819386482,-0.148623741698
2.86985301971,-0.309807913145
2.87151288986,-0.309883387526
2.87318205833,-0.124650265789
2.87483787537,0.30888176756
2.87650299072,0.309404820437
2.87817001343,0.154698166298
2.87983703613,-0.307074765442
2.88150405884,-0.308354600566
2.88322091103,-0.297043097671
2.88494491577,0.25918022613
2.88687992096,0.309190115659
2.88908791542,0.319506005617
2.89101099968,-0.309744176921
2.89287400246,-0.308707754593
2.89482593536,-0.00259276595898
2.89648008347,0.309283228125
2.89813995361,0.309385721339
2.89980506897,0.023122576531
2.90147686005,-0.309218233451
2.90313601494,-0.309897300322
2.90480494499,-0.251212783623
2.90645694733,0.29973873985
2.90812301636,0.309355058707
2.90979194641,0.267878789455
2.91145992279,-0.292478443589
2.91315889359,-0.307970516151
2.91485905647,-0.307995035546
2.91671299934,0.13513596612
2.91894292831,0.635369617958
2.9209010601,0.244455239736
2.92281508446,-0.307469322579
2.92478609085,-0.309084617766
2.92644000053,-0.169749786146
2.92809987068,0.308104798896
2.9297580719,0.309420817066
2.93142604828,0.186247893143
2.93309903145,-0.306895482354
2.93476009369,-0.309341134271
2.93642687798,-0.301184550626
2.93808507919,0.248151076958
2.93974494934,0.30924648745
2.94141101837,0.304757378763
2.94308805466,-0.223756396445
2.94479990005,-0.30792871723
2.94653105736,-0.308065125719
2.94851589203,-0.0496661034413
2.95063400269,0.309160090983
2.95258593559,0.298006571829
2.95450305939,-2.17798505328
2.95640492439,-0.309618675383
2.95806503296,-0.270381355658
2.95971894264,0.292482274817
2.96138691902,0.309420842677
2.96305203438,0.278566023335
2.96472001076,-0.286425709492
2.96638298035,-0.308782472275
2.96805405617,-0.309191521956
2.96970486641,0.113478883868
2.97136497498,0.309166790685
2.97302889824,0.309294275939
2.97472691536,-0.0693336350378
2.97643494606,-0.308434891049
2.97831392288,-0.308034057962
2.98050403595,-0.207956777886
2.9824450016,0.309289821889
2.98433089256,0.297931270907
2.98639297485,-0.305030273739
2.9880259037,-0.309864333831
2.9896838665,-0.304787673522
2.99134206772,0.22651378531
2.99300599098,0.309343436966
2.99466896057,0.306490518851
2.99634194374,-0.206359031145
2.99800491333,-0.308246279601
2.99967098236,-0.308815528406
3.00133395195,-0.0774063018616
3.00298905373,0.309027847834
3.00465607643,0.309266411932
3.00635004044,0.11855140212
3.00805592537,-0.308692383114
3.00999307632,-0.308589357883
3.012155056,0.15602292493
3.01410794258,0.309181845514
3.01630306244,0.309371058829
3.0180170536,-0.272786983987
3.01964306831,-0.309811447514
3.02130889893,-0.309854887892
3.02300190926,0.0823851220775
3.02462792397,0.30924914754
3.02628898621,0.309423785657
3.02796792984,-0.0442371785175
3.02962708473,-0.30786143383
3.03129291534,-0.308315991424
3.03295588493,-0.228961317334
3.03461503983,0.303764078999
3.03630590439,0.309229440754
3.03802108765,0.249650499318
3.03980302811,-0.300349611789
3.04188203812,-0.311242328025
3.04402709007,-0.178794242674
3.04589605331,0.307771427324
3.0479619503,0.308115520747
3.04961109161,-0.175352627411
3.05126690865,-0.309240797069
3.05292797089,-0.309863748262
3.05459094048,-0.102648410248
3.05625104904,0.308987081517
3.05791902542,0.309357671067
3.05957698822,0.141444933834
3.06124997139,-0.307339548599
3.06291103363,-0.307981451042
3.06457805634,-0.294088829542
3.06623888016,0.265418647323
3.06794595718,0.309250231367
3.06967401505,0.299687461229
3.07161903381,-0.252208132297
3.07368206978,-0.30961885117
3.0756149292,-0.274081155658
3.07750988007,0.290185780032
3.07955598831,0.309443339938
3.08122897148,-0.00792103237472
3.08288598061,-0.308597313706
3.0845580101,-0.309323036345
3.0862159729,-0.242292399053
3.0878739357,0.301685250597
3.08953690529,0.309273655294
3.09120297432,0.262722134357
3.0928709507,-0.295230892953
3.09453701973,-0.308032236062
3.09620308876,-0.307393113617
3.09789705276,0.151395137655
3.09960007668,0.309254670283
3.10142803192,0.309009862831
3.10365104675,-0.128967133351
3.10564088821,-0.309793278575
3.10749292374,-0.305334144505
3.10953307152,0.308687725337
3.11118102074,0.309439916164
3.11283802986,0.165465294849
3.11451005936,-0.307072242722
3.11617898941,-0.308703148039
3.117841959,-0.298756031552
3.11949586868,0.255098964553
3.12115693092,0.309210987762
3.12282395363,0.303553425474
3.12452888489,-0.232617530273
3.12615799904,-0.308527769521
3.12782692909,-0.308119070251
3.1295440197,-0.0249297835398
3.13126397133,0.309229054255
3.13321495056,0.309349766467
3.13539600372,0.0476325314958
3.13736009598,-0.309901385335
3.13925790787,1.28804935375
3.14113593102,0.297328252345
3.14279794693,0.309376819059
3.14445996284,0.272147724172
3.14613986015,-0.290308147669
3.14779686928,-0.308230418013
3.14946007729,-0.308436912019
3.15111804008,0.125481303548
3.15278100967,0.309155284194
3.15444588661,0.309210356791
3.15611696243,-0.0869888567831
3.1577808857,-0.309127261862
3.15948295593,-0.308633010136
3.16119003296,-0.186856309883
3.16305589676,0.307407694636
3.16522502899,0.0794209877495
3.16721105576,-0.1670770091
3.16908693314,-0.309399681864
3.17112398148,-0.302617476555
3.17275595665,0.24155340041
3.17441892624,0.309291122248
3.17608690262,0.305457842769
3.17775988579,-0.217415317893
3.17941498756,-0.307912428398
3.18108201027,-0.308276263531
3.18274497986,-0.0627973489463
3.18440389633,0.309106692439
3.18606805801,0.309253874002
3.18773388863,0.0981701549608
3.18940496445,-0.309415563243
3.19111394882,-0.309266418917
3.19287800789,-0.277526589343
3.19485497475,0.287175473059
3.19716906548,0.309422054561
3.19914507866,0.00238518812694
3.20113706589,-0.309214447625
3.20278191566,-0.309667297406
3.20439791679,0.103008456063
3.2060379982,0.309192570858
3.20771002769,0.309343436966
3.20937490463,-0.0594147644006
3.21104288101,-0.308008148568
3.21270489693,-0.307990889996
3.21436786652,-0.217891851207
3.21602606773,0.305093696807
3.21769404411,0.309273180319
3.21935296059,0.235677859746
3.22106289864,-0.303385928273
3.22276997566,-0.30970544205
3.22459506989,-0.305842766538
3.22668600082,0.213759300532
3.228703022,0.309446119936
3.23056292534,0.171527487691
3.23271203041,-0.308554497315
3.23434305191,-0.309282785747
3.2360060215,-0.0868423702195
3.23766589165,0.309014969971
3.23932886124,0.309288682183
3.24098706245,0.129712240305
3.24266004562,-0.308077236405
3.24432897568,-0.308147661854
3.24599099159,-0.290069057373
3.24765086174,0.272834404605
3.24931502342,0.309315203922
3.25097990036,0.295527201379
3.25270104408,-0.264626254793
3.25444889069,-0.309858033434
3.25637793541,-0.309901363216
3.25840592384,1.27068690141
3.26050686836,0.309386738809
3.26303005219,-0.0315513601527
3.26497602463,-0.308079054812
3.26682305336,-0.308759140316
3.26864099503,0.121031505987
3.27039599419,0.308858143399
3.27262187004,0.256104329601
3.27437591553,-0.29821338132
3.27612805367,-0.308454111218
3.27788090706,-0.307023349451
3.28010606766,0.306950077647
3.2857029438,0.309315043269
3.28821206093,-0.310019291937
3.29070186615,0.317684491165
3.29285407066,0.309220624622
3.29473304749,0.0805143290199
3.29677009583,-0.307947066613
3.29858088493,-0.308417275082
3.30033397675,-0.0701803970151
3.30257797241,0.309208574472
3.30432701111,0.301838224987
3.30607795715,-0.24284131825
3.30783009529,-0.309429758927
3.31007194519,-0.280889353016
3.31182098389,0.284824686823
3.31798386574,-0.3091234155
3.32083106041,-2.42429567501
3.32301187515,0.297932573594
3.32510995865,0.309383907588
3.32689189911,-0.0539375061635
3.32872009277,-0.307469299296
3.33087801933,-0.307770364452
3.33262896538,0.139255839167
3.33437204361,0.309209832922
3.33611893654,0.311552933417
3.33836603165,-0.302344714291
3.34012198448,-0.309581179172
3.34187602997,-0.306184384972
3.34796404839,0.179928872967
3.35078001022,-2.42429079139
3.35305094719,-0.300473251846
3.35502696037,0.309009446064
3.35678100586,0.309315043269
3.35873389244,0.0982528354507
3.3608379364,-0.308152317302
3.36259889603,-0.307979005156
3.36435294151,-0.0444005639292
3.36609888077,0.309198382311
3.3683180809,0.297202086076
3.37008094788,-0.260371584445
3.37183189392,-0.309818927199
3.37772893906,0.309410474729
3.38047099113,-0.0340314907953
3.38267493248,-0.308494521305
3.38469099998,-0.30902885017
3.38663196564,0.302506703883
3.38838505745,0.309238749323
3.39012789726,0.258806057973
3.39187788963,-0.294781320263
3.39412093163,-0.308258171426
3.39587497711,-0.202312162146
3.39762091637,0.306469887728
3.39936995506,0.308237664867
3.40160799026,-0.14692655066
3.40702199936,-0.309810061008
3.40944600105,0.308862035163
3.41198301315,0.156258854549
3.4142370224,-0.308070038445
3.41612696648,-0.308560223784
3.41825699806,0.258314813254
3.42000389099,0.309162455378
3.42174386978,0.302506712032
3.42349290848,-0.238628977677
3.42528390884,-0.307469310937
3.42740988731,-0.283669135533
3.42916488647,0.281849222956
3.43091487885,0.308915450005
3.43266892433,0.289325808408
3.43821787834,-0.309200508054
3.44035887718,0.299568808405
3.44251894951,0.309412517818
3.44469594955,-0.464009834686
3.4466650486,-0.30797900632
3.44849586487,-0.30801804387
3.45070695877,0.304102957016
3.45246291161,0.309238749323
3.45420408249,0.246210347395
3.45595502853,-0.301269374322
3.45819687843,-0.30908736866
3.45995688438,-0.17118423013
3.46171402931,0.30777230626
3.46346306801,0.309419749537
3.46900391579,-0.181673729094
3.47132897377,-0.0985330052208
3.47357606888,0.305216287961
3.47584295273,0.138878967846
3.47779989243,-0.116004386218
3.47983908653,-0.308016502531
3.48160099983,-0.0515553203877
3.48334908485,0.308993009385
3.48509407043,0.308858102653
3.48732495308,-0.255893344292
3.48908305168,-0.309733767062
3.49083709717,-0.309979990125
3.49258804321,0.040303390706
3.49480199814,0.309424408479
3.50097608566,-0.309165680083
3.50328302383,0.111905355006
3.50535607338,0.309170164401
3.50734400749,0.261368899373
3.50899505615,-0.295888035325
3.51074886322,-0.308289772365
3.51251101494,-0.30730267521
3.51426100731,0.156969000818
3.51644301414,0.309321739478
3.51819205284,0.224695360521
3.519947052,-0.305097177625
3.5217089653,-0.30986277503
3.52394008636,-0.135399169521
3.5294880867,0.308780985652
3.5317440033,-0.307002885966
3.53403306007,-0.298256194219
3.53599691391,0.255437191809
3.53780293465,0.635369658703
3.53974604607,0.120198623044
3.54142189026,-0.308685856871
3.54308509827,-0.308562245918
3.54474592209,-0.286178431707
3.54649090767,0.278644877253
3.54823589325,0.309220625786
3.54998207092,0.291147303069
3.55223298073,-0.30937294825
3.55398702621,-0.309962648898
3.5557410717,-0.256180545548
3.56177401543,-0.0422217242885
3.56409692764,-0.308050964959
3.5662009716,-0.30746811186
3.56808900833,0.303594944999
3.5697350502,0.309224206721
3.57152605057,0.250694560818
3.57316708565,-0.300067258067
3.5748000145,-0.309199709445
3.57643699646,-0.306806272129
3.57806491852,0.18892772845
3.57968902588,0.309353375342
3.58134889603,0.308173150988
3.58302402496,-0.17366054235
3.5846889019,-0.309236351168
3.58850598335,-0.309866630705
3.59026408195,0.635369658703
3.59238100052,0.305283106863
3.59435296059,-0.222094020573
3.59641599655,-0.307974671014
3.598279953,-0.294446649496
3.60030388832,-2.45852238964
3.60215806961,0.309278019704
3.60390806198,0.0911909190472
3.60565805435,-0.309674814343
3.6074090004,-0.309489651117
3.60964608192,0.0292408652604
3.61138987541,0.309305348201
3.61313390732,0.309220618801
3.61488604546,-0.00669533503242
3.62042689323,-0.307469315594
3.62262201309,0.309162455378
3.62479686737,0.263643560465
3.62680006027,-0.294867490884
3.62882995605,-0.307951711584
3.63060188293,-0.214804989519
3.63234496117,0.305415973999
3.63408303261,0.30928296037
3.63628387451,-0.126934834989
3.63803505898,-0.309810061008
3.63977909088,-0.309719319921
3.64152193069,-0.141904944321
3.64375805855,0.309356347425
3.6454949379,0.306910228683
3.65093493462,-0.200613774359
3.6531560421,-0.0837123021483
3.65542387962,0.331829563947
3.65731596947,0.125828371383
3.65909290314,-0.309984652558
3.66125297546,-0.308121406706
3.66290903091,-0.0267980550416
3.66460609436,0.309243280208
3.66634702682,0.309315043269
3.66808605194,0.0489853532054
3.6698319912,-0.311871166341
3.67206907272,-0.309837764362
3.67382001877,0.0716594036203
3.67556095123,0.309275841573
3.67729997635,0.308237595018
3.68331408501,-0.308436765336
3.68561697006,0.303231887519
3.68760991096,0.278401324758
3.68959403038,-0.0852675084025
3.69124889374,-0.30913815368
3.69287991524,-0.308644699398
3.69453501701,-0.188127948204
3.69619107246,0.307339961873
3.69785499573,0.309379404644
3.69952201843,0.202576416777
3.70118999481,-0.306394022191
3.70285797119,-0.30976172653
3.70451903343,-0.302814643364
3.70617604256,0.240620098775
3.71159505844,0.309287793934
3.71377587318,1.287859187
3.71603488922,1.28881015116
3.71807098389,0.309110024245
3.71987199783,0.309252194129
3.722012043,-0.246704780729
3.72366094589,-0.309474405367
3.72532391548,-0.308917686343
3.72702097893,0.017773360014
3.72864603996,0.309312636964
3.73030805588,0.309427288594
3.73197007179,0.0043287454173
3.73364400864,-0.308881920064
3.7353079319,-0.309457967523
3.73702406883,-0.246375773568
3.74229598045,0.300867595943
3.74451303482,-0.544505370781
3.74678993225,-0.307974789757
3.7488489151,0.143617768772
3.75064301491,0.297932574758
3.75278186798,0.23676039651
3.75446009636,-0.303208485711
3.75611186028,-0.30971054337
3.7577829361,-0.305946992012
3.75943398476,0.21244440577
3.76109886169,0.309375200886
3.76276302338,0.307247547898
3.76443600655,-0.194965417031
3.76610302925,-0.308550560148
3.76776695251,-0.309278746136
3.77316188812,-0.0887875061017
3.77532505989,0.322043302003
3.77760791779,-0.308369246777
3.77962803841,-0.290439055534
3.78141689301,0.258870073594
3.78356790543,0.30931951711
3.78523087502,0.0616349116899
3.78696298599,-0.309731307207
3.78859400749,-0.309858125402
3.79023504257,-0.26415702072
3.79188895226,0.295540627558
3.79355287552,0.30938824988
3.79521799088,0.275026368909
3.79688692093,-0.288635957986
3.79855298996,-0.308366696117
3.80401206017,-0.308774088044
3.80620598793,0.309246266261
3.80835604668,-0.297912246315
3.81040096283,-0.30847468297
3.8121919632,-0.196445612237
3.81437301636,0.309315938503
3.81602597237,0.308648366481
3.81769490242,-0.155360099161
3.81935405731,-0.309615841834
3.82101488113,-0.309917581035
3.82268095016,-0.119628775865
3.82433509827,0.308901199605
3.82600092888,0.309401389677
3.82766604424,0.153058175929
3.82933998108,-0.30706048361
3.83101201057,-0.30818723375
3.83271789551,-0.296665802598
3.83438897133,0.259468593867
3.83623600006,0.309208476683
3.83832192421,0.297929518856
3.84024500847,-0.309214447625
3.84203004837,-0.308974668151
3.8437359333,-0.28141052695
3.84532594681,0.284363236278
3.84689903259,0.309391337214
3.84866499901,0.287020213436
3.85024499893,-0.278605837375
3.85182404518,-0.309359955136
3.85358095169,-0.309886351461
3.85516691208,0.0946832087357
3.85679602623,0.309200262418
3.85845994949,0.30938188429
3.86013197899,-0.0519726087805
3.86179494858,-0.30783114722
3.86350798607,-0.308030329179
3.86519408226,-0.223453007638
3.8671309948,0.304455835139
3.86917686462,0.309271924198
3.87112188339,-0.108046387322
3.87294888496,-0.309663773514
3.87460803986,-0.307469273685
3.87677693367,0.204669255763
3.87846899033,0.309376794612
3.88009691238,0.307605711278
3.8817679882,-0.188094084151
3.88343000412,-0.308834651951
3.88509488106,-0.309410686605
3.88675808907,-0.0941438751761
3.88844609261,0.308992901118
3.89007592201,0.309304007096
3.89174103737,0.136162170675
3.89344787598,-0.307865128852
3.89512896538,-0.307968818815
3.89686489105,-0.292022154899
3.89903306961,0.26929426007
3.90108108521,0.309299051296
3.90298295021,0.0721787160728
3.90471386909,-0.232009231113
3.90673494339,-0.309618080501
3.90839195251,0.0514226639643
3.91005206108,0.309282334056
3.91171693802,0.309466284234
3.91338706017,-0.022616708884
3.91505098343,-0.308221647283
3.91671395302,-0.308892948087
3.91838288307,-0.238335487666
3.92003488541,0.30233251513
3.92170000076,0.309246239485
3.9233648777,0.259641328594
3.92509293556,-0.296782567166
3.92676496506,-0.308490423486
3.92860388756,-0.30712156673
3.93065786362,0.16121378052
3.93295407295,0.30885814107
3.93515992165,-0.145373200066
3.93702292442,-0.309804684948
3.93918800354,-0.304406040814
3.94093894958,0.23019822198
3.94267702103,0.309220625786
3.94441795349,0.305795969907
3.94616603851,-0.212328392081
3.94834494591,-0.308332379209
3.95009303093,-0.297603015788
3.95183205605,0.257340742974
3.95735406876,0.308237664867
3.95967006683,-0.308798588812
3.96224403381,-0.00622287392616
3.96438097954,0.309315043269
3.96634888649,0.28950393782
3.96832609177,-0.309197843308
3.97007703781,-0.309886354953
3.97182297707,-0.25290581747
3.97356009483,0.299292332493
3.97579789162,0.309414860094
3.97754693031,-0.0466880504973
3.97929501534,-0.307883061469
3.98104405403,-0.309429756599
3.98328590393,0.132009556983
3.98969507217,-0.301356459968
3.99218392372,-0.309092748212
3.99436497688,0.196628886042
3.99629497528,0.317684974289
3.99827694893,0.188552159816
4.00003004074,-0.306758303195
4.00178003311,-0.309026152827
4.00352692604,-0.301556976046
4.00575494766,0.308981323615
4.00749492645,0.309326433344
4.00923109055,0.140362170059
4.01097989082,-0.308523472631
4.0127248764,-0.307953540469
4.01827597618,-0.0529807864223
4.02066898346,0.0822455098387
4.02317786217,-0.309727614513
4.02525496483,-0.27145145461
4.02724289894,0.291928881779
4.02905988693,0.309460348217
4.03080797195,-0.0146067189053
4.03255605698,-0.308493413031
4.0343079567,-0.309429758927
4.03654909134,0.110682097729
4.0382900238,0.309165047947
4.04003095627,0.309290947625
4.0417740345,-0.0663807149976
4.04352498055,-0.308434441686
4.04765605927,-0.307252025232
4.04949402809,0.297932575922
4.05186891556,0.225224641617
4.05392408371,-0.304858484305
4.05592107773,-0.309817718808
4.05771899223,-0.131756209303
4.05984807014,0.309344548732
4.06149506569,0.306617919123
4.06317305565,-0.204639422009
4.0648329258,-0.308239387814
4.06649589539,-0.308797511971
4.06816697121,-0.0797068711836
4.06982088089,0.309021677822
4.07148098946,0.309264232637
4.07314801216,0.120736379176
4.07481789589,-0.308693941915
4.07651686668,-0.308559372788
4.07820391655,-0.286252425285
4.07993602753,0.278602021281
4.08199191093,0.308993009385
4.08403992653,-2.48107898748
4.08595108986,-0.309361456893
4.08766698837,-0.3074693284
4.08979392052,0.0805130437948
4.09145593643,0.309243678348
4.09311699867,0.309423723957
4.09479689598,-0.0418936845381
4.09645605087,-0.307863818016
4.09812092781,-0.308302325429
4.0997838974,-0.230239036027
4.1014418602,0.303583835484
4.10310506821,0.309225141536
4.10476899147,0.250702226767
4.10644006729,-0.300066362834
4.10814595222,-0.309147952357
4.10982394218,-0.306804107968
4.11163496971,0.188972988399
4.11364102364,0.309350360185
4.11571502686,0.195448470768
4.11753797531,-0.306623056531
4.11920309067,-0.311242332682
4.12142086029,-0.10490945424
4.12314200401,0.308962025447
4.1247420311,0.309346432332
4.12640404701,0.143657397712
4.12812304497,-0.30732659623
4.12974405289,-0.307984128594
4.13140702248,-0.294488185318
4.13306188583,0.264480130281
4.13472795486,0.309248601552
4.13638997078,0.299967884785
4.13809800148,-0.251032937085
4.13975787163,-0.309630243573
4.14151787758,-0.309235977475
4.14356398582,0.0292069627903
4.14553689957,0.309313264443
4.14742994308,0.281975342659
4.14917802811,-0.287457053782
4.15137887001,-0.309299769579
4.15304493904,-0.243665457238
4.15470194817,0.30141192372
4.15636205673,0.30927352258
4.15803003311,0.263778222725
4.15970087051,-0.29482904938
4.16136097908,-0.308051229222
4.16302990913,-0.307433018461
4.16468691826,0.149356701877
4.16634607315,0.30925672967
4.16802191734,0.309010762721
4.16972899437,-0.126883011544
4.17141103745,-0.309789108578
4.1732070446,-0.309712814633
4.17518305779,-0.144307985902
4.17732286453,0.309355297359
4.1791369915,0.306915089022
4.18077492714,-0.200433171121
4.18300390244,-0.308668074431
4.18466591835,-0.299048860325
4.18632292747,0.254072557436
4.18798804283,0.309215482557
4.18965005875,0.303737586364
4.19132304192,-0.231375551084
4.19298386574,-0.308541253908
4.19464993477,-0.308132549981
4.19631886482,-0.0265954586212
4.1979739666,0.309237441979
4.19970488548,0.309353757184
4.20142292976,0.0493480218574
