0.00167512893677,0.000438821734861
0.00417113304138,4.92006074637e-05
0.00665712356567,-0.000233369646594
0.0090970993042,-0.000163412187248
0.0115790367126,0.000200078357011
0.0141220092773,0.00056859687902
0.0166549682617,0.000614514574409
0.0191020965576,0.000317397061735
0.0215821266174,-7.03416299075e-05
0.0240709781647,-0.000255623599514
0.0265641212463,-6.74440525472e-05
0.0290551185608,0.000335397198796
0.03165102005,0.000629894202575
0.034276008606,0.000546593219042
0.0368659496307,0.000192287843674
0.0391960144043,-0.000166081590578
0.0415899753571,-0.000233047176152
0.0440361499786,5.53508289158e-05
0.0465290546417,0.000462790485471
0.0490291118622,0.000649527646601
0.0515201091766,0.000450790394098
0.0540211200714,6.20109494776e-05
0.0565230846405,-0.000229506986216
0.0590240955353,-0.000172107247636
0.0615079402924,0.000186754623428
0.0640389919281,0.00056077260524
0.0665919780731,0.000619200291112
0.0692949295044,0.000330198090523
0.0716309547424,-5.9938756749e-05
0.0741291046143,-0.000256653875113
0.0765011310577,-7.78783578426e-05
0.0789930820465,0.000324660213664
0.0814809799194,0.000628378475085
0.083976984024,0.000554061261937
0.0864729881287,0.000202731462196
0.088977098465,-0.000159811461344
0.0914709568024,-0.000237169442698
0.0939631462097,4.00526914746e-05
0.0965509414673,0.000447663478553
0.0991790294647,0.000646953703836
0.101686000824,0.000459994189441
0.104122161865,7.45104625821e-05
0.106477022171,-0.000226494157687
0.108952045441,-0.000177705660462
0.111438989639,0.000174759188667
0.113934993744,0.000553566496819
0.116430044174,0.000624362146482
0.11892914772,0.000343462452292
0.121431112289,-4.85917553306e-05
0.123927116394,-0.000254807528108
0.126501083374,-8.74244142324e-05
0.12908411026,0.000311664771289
0.131632089615,0.000623642699793
0.134078025818,0.000562816858292
0.136431932449,0.000216559274122
0.138916969299,-0.000149424886331
0.141402959824,-0.000240467488766
0.143893957138,2.87475995719e-05
0.146386146545,0.000437116250396
0.148885011673,0.000648986315355
0.151383161545,0.000471732346341
0.153877019882,8.6574582383e-05
0.156403064728,-0.000221731606871
0.158993005753,-0.000185541575775
0.161669015884,0.000160303898156
0.164001941681,0.000544782960787
0.166492938995,0.000630293507129
0.168882131577,0.000355280935764
0.171370029449,-3.73832881451e-05
0.173855066299,-0.000254245242104
0.176353931427,-9.82906203717e-05
0.178844928741,0.000297226943076
0.181338071823,0.000616851029918
0.183835029602,0.000567449023947
0.186332941055,0.000225878320634
0.188913106918,-0.000140849733725
0.19155216217,-0.000242199748755
0.194051027298,1.7995480448e-05
0.196468114853,0.000427196500823
0.198843002319,0.000648600980639
0.201313018799,0.000478941947222
0.203810930252,9.56724397838e-05
0.20631814003,-0.000220746733248
0.208815097809,-0.000194794265553
0.211297988892,0.000148271210492
0.213796138763,0.000536130974069
0.216290950775,0.000633137533441
0.218868017197,0.000366827007383
0.221459150314,-2.47021671385e-05
0.22402715683,-0.000250067096204
0.226455926895,-0.000107436208054
0.228801965714,0.000285765854642
0.23127412796,0.000616868492216
0.233767986298,0.000581357162446
0.236266136169,0.000240326626226
0.238770961761,-0.000135810114443
0.241271018982,-0.000247086863965
0.243752002716,4.05590981245e-06
0.246255159378,0.000414535170421
0.248777151108,0.000647591659799
0.251342058182,0.000491217942908
0.254039049149,0.000107932137325
0.256376028061,-0.000213057501242
0.258882045746,-0.000196292530745
0.261240005493,0.000139334006235
0.263724088669,0.000528590753675
0.266221046448,0.000637188786641
0.268718004227,0.000377299729735
0.271223068237,-1.56182795763e-05
0.273719072342,-0.000251324381679
0.276214122772,-0.000117984600365
0.278702020645,0.000272886827588
0.281291007996,0.00061004771851
0.283913135529,0.000587253598496
0.286417007446,0.000252585159615
0.288828134537,-0.000125166261569
0.291214942932,-0.000248769065365
0.293694019318,-5.68805262446e-06
0.296185016632,0.000403469894081
0.298678159714,0.000646987464279
0.301174163818,0.000499744201079
0.303672075272,0.000121938064694
0.306209087372,-0.00020771403797
0.308688163757,-0.00020666164346
0.311233997345,0.000123425852507
0.313838005066,0.000515372958034
0.316362142563,0.000638287747279
0.318818092346,0.000388430198655
0.321197032928,-5.72181306779e-06
0.323652982712,-0.000251525780186
0.326148986816,-0.000126386294141
0.328640937805,0.000258598010987
0.331130027771,0.000598686747253
0.333627939224,0.000589370029047
0.336126089096,0.000264797126874
0.338629007339,-0.000115495640785
0.341156005859,-0.000249918084592
0.343714952469,-1.85228418559e-05
0.346406936646,0.000390326604247
0.348746061325,0.00064599676989
0.351238012314,0.000507929362357
0.353605031967,0.000133818248287
0.356110095978,-0.000199474161491
0.358605146408,-0.000210417201743
0.361092090607,0.000110587570816
0.363584041595,0.000509428791702
0.366084098816,0.000644698739052
0.368576049805,0.000400601420552
0.371071100235,7.10366293788e-06
0.373677968979,-0.000248188152909
0.37629199028,-0.000136375892907
0.378796100616,0.000245863338932
0.381232976913,0.000594169832766
0.383588075638,0.000597761245444
0.386058092117,0.000278642401099
0.388566017151,-0.000103795900941
0.391061067581,-0.000250618904829
0.393552064896,-2.82342080027e-05
0.396039962769,0.000379717675969
0.398541927338,0.000642662635073
0.401036024094,0.000516506843269
0.40360212326,0.000146511010826
0.406204938889,-0.000190793070942
0.408751010895,-0.000214144820347
0.411216020584,9.61753539741e-05
0.413545131683,0.000495821004733
0.416016101837,0.000641164369881
0.4185090065,0.000410735374317
0.421005010605,1.95857137442e-05
0.423521995544,-0.000243820250034
0.42601108551,-0.000143073266372
0.428497076035,0.000236069317907
0.430994987488,0.000588707625866
0.433516025543,0.000599172199145
0.43607711792,0.000284863635898
0.438750982285,-9.7326701507e-05
0.441166162491,-0.000252212630585
0.443597078323,-3.52843198925e-05
0.445980072021,0.000368732726201
0.448472976685,0.000639989739284
0.450964927673,0.000527332304046
0.453462123871,0.000159280607477
0.455966949463,-0.000187290133908
0.458462953568,-0.000222788657993
0.460953950882,8.53789970279e-05
0.463446140289,0.000487206270918
0.466037034988,0.000642907107249
0.468657016754,0.00042034429498
0.471163034439,3.07732261717e-05
0.473596096039,-0.00024106935598
0.47595500946,-0.000152975553647
0.478434085846,0.000219892244786
0.480926990509,0.000581473577768
0.483420133591,0.000611557625234
0.485918998718,0.00030311755836
0.488423109055,-8.62032175064e-05
0.490921020508,-0.000256187049672
0.493414163589,-4.96034044772e-05
0.495985031128,0.000359737314284
0.498568058014,0.000640966463834
0.501129150391,0.000534234568477
0.503565073013,0.000171303981915
0.505946159363,-0.000178950140253
0.508404016495,-0.000225612893701
0.510887145996,7.368857041e-05
0.513384103775,0.000475622946396
0.515876054764,0.000645123654976
0.518373966217,0.00043333391659
0.520866155624,4.2887404561e-05
0.523371934891,-0.000238498905674
0.525898933411,-0.000159561168402
0.528445005417,0.000209343852475
0.531111001968,0.000575220910832
0.533544063568,0.000613065203652
0.536015033722,0.000313047785312
0.538383960724,-7.48876482248e-05
0.540850162506,-0.000253287144005
0.543343067169,-5.77780883759e-05
0.545835018158,0.000343596329913
0.548332929611,0.000630284193903
0.550836086273,0.000541219487786
0.553328037262,0.000184266828001
0.555828094482,-0.000170770799741
0.558429956436,-0.000227908603847
0.561038017273,6.02588988841e-05
0.563533067703,0.000467008212581
0.565963983536,0.000651020091027
0.568375110626,0.000443486496806
0.570806980133,5.45813236386e-05
0.573310136795,-0.000231604790315
0.575803041458,-0.000164458760992
0.578320980072,0.000196507899091
0.580788135529,0.000563748180866
0.58328294754,0.000617093173787
0.585780143738,0.000323735876009
0.588384151459,-6.6973734647e-05
0.591001033783,-0.000254521146417
0.593490123749,-6.99376687407e-05
0.595956087112,0.000332278432325
0.598348140717,0.000629244605079
0.600759029388,0.000549737596884
0.603254079819,0.000195309985429
0.60576415062,-0.000163402874023
0.608299970627,-0.000233796890825
0.610744953156,4.66615892947e-05
0.613240003586,0.000454073306173
0.615741014481,0.000648193527013
0.618263959885,0.00045306282118
0.620829105377,6.52426388115e-05
0.623501062393,-0.000230761943385
0.625910043716,-0.000173456501216
0.628330945969,0.000183255178854
0.630722999573,0.000559006584808
0.633216142654,0.000623147934675
0.635710954666,0.000337713863701
0.638221025467,-5.27943484485e-05
0.640711069107,-0.000254764454439
0.643208026886,-8.03591683507e-05
0.645697116852,0.000316764926538
0.648194074631,0.000623485539109
0.650779008865,0.000557925086468
0.653398036957,0.000208552228287
0.655898094177,-0.000156901078299
0.658354997635,-0.000239249784499
0.660694122314,3.3889664337e-05
0.663174152374,0.00044158892706
0.665666103363,0.000646786065772
0.668167114258,0.000461493618786
0.670660018921,7.46687874198e-05
0.673169136047,-0.000225660623983
0.675662994385,-0.000180132919922
0.678153991699,0.000169046688825
0.680725097656,0.000549692194909
0.683323144913,0.000624384265393
0.68584394455,0.000347032910213
0.6883020401,-4.30236104876e-05
0.690681934357,-0.000252298777923
0.693136930466,-8.98155849427e-05
0.695626020432,0.00030774390325
0.698128938675,0.000621427316219
0.70062494278,0.000565489754081
0.703118085861,0.000219030771405
0.705621957779,-0.000148130347952
0.708122014999,-0.00024264678359
0.71064209938,2.28139106184e-05
0.713201999664,0.000432893866673
0.715888977051,0.000647177221254
0.71826505661,0.000473742838949
0.720741987228,9.01834573597e-05
0.723114013672,-0.000222362577915
0.725592136383,-0.000189825659618
0.728085041046,0.000155026791617
0.730577945709,0.000542841153219
0.733076095581,0.000630334252492
0.735572099686,0.000359175028279
0.738080024719,-3.28512396663e-05
0.740571975708,-0.000253638718277
0.74316906929,-0.000101462937891
0.745778083801,0.000293181510642
0.74828004837,0.000615593744442
0.750715970993,0.000569894909859
0.753072977066,0.000231992453337
0.75555896759,-0.000137701863423
0.758054018021,-0.000243342947215
0.760535001755,1.32410787046e-05
0.763036966324,0.000423181336373
0.765532016754,0.000646933913231
0.768032073975,0.000480640446767
0.770523071289,0.000101529294625
0.77311205864,-0.00021576648578
0.775723934174,-0.000196191249415
0.778239011765,0.000143753131852
0.78068113327,0.000533564016223
0.783118963242,0.000634929165244
0.785511016846,0.000370697816834
0.788022994995,-2.57790088654e-05
0.790502071381,-0.000255624763668
0.792999982834,-0.000112265115604
0.795491933823,0.000279232626781
0.797991037369,0.000609995331615
0.800485134125,0.000579647021368
0.802999973297,0.000243631657213
0.805567979813,-0.000131366541609
0.808303117752,-0.00024744309485
0.810703992844,6.25150278211e-07
0.813095092773,0.000411723740399
0.815467119217,0.000648179557174
0.817959070206,0.000494713895023
0.820452928543,0.000115637667477
0.822963953018,-0.000210087746382
0.82545208931,-0.00020410050638
0.82794213295,0.000127654056996
0.830438137054,0.000524057541043
0.832937955856,0.000639132922515
0.835514068604,0.000382718862966
0.83814406395,-9.14908014238e-06
0.840662002563,-0.000249884324148
0.843075990677,-0.000121138291433
0.845443964005,0.000268092844635
0.847924947739,0.000604733359069
0.850409984589,0.000587514368817
0.852905035019,0.000259295338765
0.855407953262,-0.00012178090401
0.85791015625,-0.000248462893069
0.860408067703,-9.89297404885e-06
0.862895965576,0.000397914554924
0.865469932556,0.000647032866254
0.868091106415,0.000504108611494
0.870583057404,0.000128218671307
0.873023033142,-0.000203115632758
0.875440120697,-0.000209220452234
0.877876996994,0.000116911251098
0.880372047424,0.000513885170221
0.88286614418,0.000638762721792
0.885365009308,0.000394228845835
0.887856960297,1.53202563524e-06
0.890362977982,-0.000248133437708
0.892858028412,-0.000129530671984
0.895380973816,0.000256225466728
0.897925138474,0.000597024336457
0.900638103485,0.000591620337218
0.902982950211,0.000269644660875
0.905467987061,-0.000110332621261
0.907855033875,-0.000250443117693
0.910336017609,-2.15880572796e-05
0.912830114365,0.000387016916648
0.915318012238,0.00064279185608
0.917820930481,0.000513236736879
0.920314073563,0.000139676267281
0.922816991806,-0.000198187772185
0.925325155258,-0.000213386956602
0.927904129028,0.000104838982224
0.93052315712,0.000502276234329
0.933030128479,0.000641745282337
0.935450077057,0.0004030787386
0.937818050385,1.42003409564e-05
0.940304040909,-0.00024446984753
0.942791938782,-0.000138103496283
0.945277929306,0.000242555979639
0.947777986526,0.000591359566897
0.950271129608,0.000598570331931
0.952764987946,0.000280980020761
0.955268144608,-0.00010265619494
0.957849025726,-0.000254310434684
0.960468053818,-3.1515955925e-05
0.962980031967,0.000375205418095
0.965439081192,0.00064002466388
0.967779159546,0.000520283356309
0.970246076584,0.000152520369738
0.972754001617,-0.000189619604498
0.975242137909,-0.000217304332182
0.977736949921,9.34209674597e-05
0.980226993561,0.00049154390581
0.982730150223,0.000644077081233
0.985221147537,0.000416248803958
0.987749099731,2.47382558882e-05
0.990325927734,-0.00024227774702
0.99302816391,-0.000146250240505
0.995347976685,0.000231090234593
0.997844934464,0.000588151160628
1.00021409988,0.000608493573964
1.00269913673,0.000292838085443
1.00520515442,-9.4921560958e-05
1.00769901276,-0.000253982143477
1.01019597054,-4.23821620643e-05
1.01272416115,0.000363891012967
1.01517915726,0.00063783256337
1.01767897606,0.000529403332621
1.02026414871,0.00016764854081
1.02287101746,-0.000180380884558
1.02540397644,-0.000224061077461
1.0278339386,7.80448317528e-05
1.03018712997,0.000481466995552
1.03265714645,0.000646465923637
1.03515505791,0.000427963677794
1.03765106201,3.71818896383e-05
1.04015994072,-0.000240015797317
1.04265213013,-0.0001574982889
1.04513907433,0.000213169259951
1.04763507843,0.000575234880671
1.05020403862,0.000608806731179
1.05281400681,0.00030736788176
1.05531311035,-8.11403151602e-05
1.0578250885,-0.000255743507296
1.06015205383,-5.83590008318e-05
1.06261396408,0.000350004993379
1.06510901451,0.000636538024992
1.06760501862,0.000537278829142
1.07010412216,0.000178215559572
1.07260298729,-0.000173335429281
1.07510399818,-0.00022777239792
1.07759809494,6.84906262904e-05
1.08011698723,0.000473049003631
1.08268713951,0.000648066634312
1.08538103104,0.000438329298049
1.08771395683,4.92692925036e-05
1.09021806717,-0.000232902821153
1.09258913994,-0.000164001248777
1.09506893158,0.000201677903533
1.09756994247,0.000570750562474
1.10005998611,0.000616658944637
1.10255503654,0.00031765899621
1.10506105423,-7.16291833669e-05
1.10756111145,-0.000254309270531
1.11005806923,-6.39597419649e-05
1.11263203621,0.000337676610798
1.11524510384,0.000631189905107
1.11771512032,0.000547539675608
1.12023305893,0.000191204017028
1.1225669384,-0.00016592326574
1.12503695488,-0.000233575701714
1.12753009796,5.30201941729e-05
1.1300201416,0.000458224676549
1.13251614571,0.000647075939924
1.13501501083,0.000449578510597
1.13751101494,6.18363264948e-05
1.14001297951,-0.000229658326134
1.14258909225,-0.000170262064785
1.14518713951,0.000187122495845
1.14770698547,0.000561418710276
1.15016412735,0.000622314400971
1.15253400803,0.000331943156198
1.15499615669,-5.88258262724e-05
1.1574921608,-0.000254170736298
1.15998411179,-7.76466913521e-05
1.16247010231,0.000323379645124
1.16497015953,0.000627806875855
1.16746902466,0.000554437283427
1.16996192932,0.000200462527573
1.17248511314,-0.000163166550919
1.17507910728,-0.000237483764067
1.17775011063,4.27302438766e-05
1.18009305,0.000449945218861
1.18257594109,0.000651020091027
1.18494701385,0.000462769530714
1.18744111061,7.46350269765e-05
1.1899471283,-0.000227753771469
1.19243812561,-0.000179526396096
1.1949300766,0.000175305176526
1.19742512703,0.000552280107513
1.19992399216,0.000623477390036
1.20241713524,0.000342610292137
1.20499205589,-4.85382042825e-05
1.20763516426,-0.000252610770985
1.21015095711,-8.54476820678e-05
1.21254897118,0.000312678748742
1.21492195129,0.000621842918918
1.21745610237,0.000560620101169
1.2199010849,0.000215544132516
1.22240209579,-0.000148238614202
1.22489309311,-0.000238153152168
1.22738099098,2.70153395832e-05
1.22987914085,0.000438507413492
1.23239302635,0.000651387963444
1.23496007919,0.000470083905384
1.2374830246,8.33114609122e-05
1.24010205269,-0.000221001682803
1.2425301075,-0.000182553194463
1.24492311478,0.000163911608979
1.24736094475,0.000544129870832
1.24985194206,0.000628047855571
1.25234293938,0.000355103984475
1.25485610962,-3.88536136597e-05
1.25735116005,-0.000254198675975
1.25984096527,-9.64663922787e-05
1.26233196259,0.000296796206385
1.26485800743,0.000615760218352
1.26741313934,0.000570010161027
1.27011704445,0.000228439457715
1.27247095108,-0.00014187535271
1.27498102188,-0.000243269605562
1.2773270607,1.64983794093e-05
1.27980995178,0.000424181343988
1.28230309486,0.000646886182949
1.28480195999,0.000478812726215
1.28730106354,9.56235453486e-05
1.28980207443,-0.000218248460442
1.29229307175,-0.000193209853023
1.29478812218,0.000150165287778
1.29736614227,0.000537945888937
1.29998803139,0.000635132892057
1.3024930954,0.000367010943592
1.30491995811,-2.60584056377e-05
1.30729603767,-0.000251217279583
1.30977201462,-0.000104907667264
1.3122651577,0.000286274589598
1.31479907036,0.00061260885559
1.31725811958,0.000575847225264
1.31974816322,0.000240035587922
1.32225203514,-0.000135676236823
1.32474708557,-0.000247241696343
1.32731795311,6.76838681102e-06
1.32989597321,0.00041687511839
1.33246612549,0.000647805863991
1.33488893509,0.000487602083012
1.3372759819,0.000107345404103
1.33973813057,-0.000214773463085
1.34222793579,-0.000199696514755
1.34471297264,0.00013651442714
1.34721302986,0.000526825897396
1.34970593452,0.000638082856312
1.35220694542,0.000378917902708
1.35470509529,-1.40513293445e-05
1.35723996162,-0.000251870369539
1.35980200768,-0.000118928728625
1.3624651432,0.000271769240499
1.36483812332,0.000607674010098
1.36730694771,0.000583470100537
1.36969304085,0.000253908801824
1.37218904495,-0.000121910125017
1.37468004227,-0.000246479175985
1.37717795372,-8.475035429e-06
1.37966394424,0.000401175348088
1.38216304779,0.000646536936983
1.38465595245,0.000499828020111
1.38715815544,0.00012353179045
1.3897330761,-0.000205371761695
1.39237499237,-0.000204039970413
1.39489102364,0.000123768113554
1.39730095863,0.000519254244864
1.39965796471,0.000640348298475
1.40213608742,0.000388914486393
1.40464615822,-2.46684066951e-06
1.40721011162,-0.000247177667916
1.40975093842,-0.000128092942759
1.41214394569,0.000256928615272
1.41461896896,0.000601441133767
1.41711497307,0.000590968411416
1.41968297958,0.00026508118026
1.42728996277,-0.000114793656394
1.42908000946,-0.00364303472452
1.43209505081,0.000642340164632
1.43458294868,0.000509466044605
1.43707799911,0.000135260634124
1.4395840168,-0.000200066715479
1.44208502769,-0.000211334554479
1.44456911087,0.000110341934487
1.44707798958,0.000504357740283
1.44959807396,0.000641557853669
1.45215702057,0.000403826124966
1.45496106148,9.76026058197e-06
1.45724415779,-0.000247788848355
1.45968198776,-0.000135105801746
1.46205115318,0.000247318530455
1.46454596519,0.000592386350036
1.46704602242,0.000594445737079
1.46953892708,0.000277479412034
1.47204709053,-0.000104625942186
1.47453999519,-0.000252012396231
1.47704005241,-2.74204649031e-05
1.47952699661,0.00037920079194
1.48210310936,0.0006434682291
1.48474097252,0.000518870074302
1.48723912239,0.000148065155372
1.48966312408,-0.000194817548618
1.49203109741,-0.000218937639147
1.49450707436,9.56631265581e-05
1.49700713158,0.000495557906106
1.49950098991,0.000643655657768
1.50199508667,0.000412373337895
1.50450396538,2.08255369216e-05
1.50699806213,-0.000242500100285
1.50948810577,-0.000142791541293
1.51205706596,0.000233215978369
1.51466703415,0.000590101117268
1.51716995239,0.000605040695518
1.51970100403,0.000291025498882
1.52201008797,-9.57190059125e-05
1.5244679451,-0.000251869205385
1.52697110176,-3.85835301131e-05
1.52945208549,0.000366972526535
1.53195309639,0.000639550853521
1.53444600105,0.000530971447006
1.53694915771,0.000164782395586
1.53944516182,-0.000184644013643
1.54197001457,-0.000220823567361
1.54452013969,8.57829581946e-05
1.54727506638,0.000485663767904
1.5496339798,0.000643394887447
1.55206108093,0.000423457240686
1.55443310738,3.42540442944e-05
1.55695199966,-0.000239168293774
1.55942296982,-0.00015314319171
1.5619199276,0.000219963258132
1.56440496445,0.000580130144954
1.56690812111,0.000608095433563
1.56939792633,0.000302511034533
1.57190513611,-8.34022648633e-05
1.57449793816,-0.000254167243838
1.57714009285,-5.24648930877e-05
1.57961297035,0.000351768685505
1.58202314377,0.000637882621959
1.58439898491,0.000537098385394
1.58690595627,0.000171875581145
1.58939003944,-0.000178405316547
1.59187602997,-0.000228945864365
1.59436607361,7.23637640476e-05
1.59687209129,0.000475137494504
1.59934902191,0.000645893160254
1.60185194016,0.000432675005868
1.60442614555,4.10934444517e-05
1.60712599754,-0.000240348745137
1.60958695412,-0.000161856878549
1.61202216148,0.000206273980439
1.61436200142,0.000573365250602
1.61694097519,0.000614743912593
1.61935901642,0.000314958160743
1.62184000015,-7.56641384214e-05
1.62432909012,-0.000257252249867
1.62686395645,-6.36035110801e-05
1.62930512428,0.000340823316947
1.63182401657,0.000632279552519
1.63441610336,0.000541715417057
1.6369869709,0.000184312229976
1.6396291256,-0.000171043211594
1.6419839859,-0.000231472076848
1.64443993568,6.02344516665e-05
1.64687204361,0.000465622870252
1.64937806129,0.000647748820484
1.65180206299,0.000443862518296
1.65427899361,5.53415156901e-05
1.65684509277,-0.000234700273722
1.65928316116,-0.000169998966157
1.6617770195,0.000192957231775
1.66430997849,0.000565318623558
1.66703104973,0.000619465718046
1.66946911812,0.000325940782204
1.67197203636,-6.39376230538e-05
1.67458510399,-0.000255524646491
1.67687416077,-7.37828668207e-05
1.67927598953,0.000329199247062
1.68183112144,0.000628244597465
1.6842751503,0.000551393022761
1.68675398827,0.000198798952624
1.68926596642,-0.000160787021741
1.69175410271,-0.000233935425058
1.69424200058,4.49607614428e-05
1.69789195061,0.000452762469649
1.69977998734,0.00064981286414
1.70195412636,0.000454053515568
1.70438814163,6.63171522319e-05
1.70693993568,-0.000231711892411
1.70928907394,-0.000174078159034
1.71171593666,0.000181938521564
1.71426796913,0.000557563034818
1.7167069912,0.000624060630798
1.71919107437,0.000339101534337
1.72169995308,-5.26814255863e-05
1.72419095039,-0.000255968188867
1.72671699524,-8.29994678497e-05
1.72933101654,0.000315448269248
1.73194813728,0.000624167732894
1.73437809944,0.00056141288951
1.7368850708,0.000213338062167
1.73919010162,-0.000154330627993
1.74166607857,-0.000239128712565
1.74415802956,3.60968988389e-05
1.74672102928,0.000449552899227
1.7491569519,0.000651838490739
1.7516450882,0.000465546036139
1.75414204597,7.97992106527e-05
1.75664901733,-0.000225286930799
1.75923705101,-0.000183325028047
1.76181697845,0.000168790575117
1.7643840313,0.000548323150724
1.76689100266,0.000629390124232
1.76918411255,0.000351499766111
1.77163600922,-4.28303610533e-05
1.77412009239,-0.000253288308159
1.77666401863,-9.36805736274e-05
1.77915406227,0.000303152482957
1.78160715103,0.000620953505859
1.78410005569,0.000570685369894
1.78659701347,0.00022480962798
1.78916501999,-0.000147063983604
1.79183506966,-0.000243671238422
1.79430508614,2.28267163038e-05
1.79685306549,0.000432743690908
1.7991271019,0.000647177221254
1.80157613754,0.000472510000691
1.80407214165,8.99028964341e-05
1.80657911301,-0.000219950452447
1.80913996696,-0.000188844278455
1.8115799427,0.000153563451022
1.81405305862,0.000538027379662
1.81654810905,0.000629962887615
1.81908106804,0.0003607920371
1.82162904739,-3.12482006848e-05
1.82471203804,-0.000252495519817
1.82676100731,-0.000103319762275
1.82918405533,0.000288786832243
1.83153605461,0.000613738084212
1.8340280056,0.000574452569708
1.83652806282,0.0002384360414
1.83903598785,-0.000135940499604
1.84161996841,-0.000245654955506
1.84403204918,9.07224602997e-06
1.84651303291,0.000418621348217
1.84901094437,0.000644900137559
1.8515920639,0.000485480995849
1.85424494743,0.000104291830212
1.85669207573,-0.000215409090742
1.85926699638,-0.000194779131562
1.86151814461,0.000142488861457
1.86398816109,0.000532041303813
1.86648392677,0.000636642798781
1.86897802353,0.000373631482944
1.87148404121,-1.9317958504e-05
1.87402510643,-0.000250804005191
1.87647914886,-0.000110960099846
1.87896800041,0.000278066145256
1.88154697418,0.000608355039731
1.88410997391,0.000578457256779
1.88669395447,0.000246034469455
1.88913607597,-0.000128804240376
1.89147901535,-0.000248268479481
1.89395403862,-2.9569491744e-06
1.89644193649,0.000406627077609
1.89894294739,0.000644992105663
1.90143108368,0.00049373600632
1.90393304825,0.000117467716336
1.90643310547,-0.000208705896512
1.90893006325,-0.000205690739676
1.9114511013,0.000128319952637
1.91399598122,0.000522044720128
1.91677498817,0.000637363409624
1.9191570282,0.000385126331821
1.9215259552,-9.86037775874e-06
1.92391705513,-0.000251141609624
1.9264061451,-0.000123196514323
1.92890095711,0.000263183610514
1.93139314651,0.000602254876867
1.93388915062,0.000586232636124
1.93638801575,0.000261099776253
1.93888902664,-0.000116475857794
1.94138598442,-0.000250202137977
1.94397115707,-1.44576188177e-05
1.94660902023,0.000396197428927
1.94909596443,0.000647654524073
1.95152211189,0.00050479080528
1.95387411118,0.000129375839606
1.9563729763,-0.000201801303774
1.95886111259,-0.000208293786272
1.96134805679,0.00011530937627
1.9638440609,0.000511810649186
1.96634697914,0.000639426289126
1.96883893013,0.000395268434659
1.97133708,1.69617123902e-06
1.97393012047,-0.000247207935899
1.97657108307,-0.000130389817059
1.97904801369,0.000251854071394
1.98148012161,0.000595005694777
1.98384404182,0.000592499272898
1.98632001877,0.000270816963166
1.9888241291,-0.000109859975055
1.99131703377,-0.000251585152
1.99381303787,-2.29699071497e-05
1.99630212784,0.000387673499063
1.99880194664,0.000645440304652
2.00133395195,0.000514378771186
2.00387215614,0.000143951037899
2.0064599514,-0.000194676686078
2.0090200901,-0.00021499581635
2.01144909859,0.000104936771095
2.01380896568,0.000502770999447
2.01628613472,0.000642453087494
2.01879501343,0.000409773783758
2.02126598358,1.94751191884e-05
2.02377915382,-0.000246004201472
2.02627015114,-0.000141414348036
2.02875304222,0.000238690990955
2.03125214577,0.000592366559431
2.03378510475,0.000600687926635
2.03632307053,0.000285011483356
2.03910112381,-0.000100081088021
2.04144597054,-0.000251611927524
2.0438580513,-3.59630212188e-05
2.04623794556,0.000370640773326
2.04873204231,0.000640285434201
2.05122613907,0.000520198373124
2.0537250042,0.000153119908646
2.05622315407,-0.00019004335627
2.05871796608,-0.000220875954255
2.06120610237,8.82497988641e-05
2.0637049675,0.000490071251988
2.06627893448,0.000645277323201
2.06894207001,0.000417894916609
2.07140398026,2.46206764132e-05
2.07386112213,-0.000244720140472
2.07621002197,-0.000150869600475
2.07869100571,0.000226764241233
2.08118700981,0.000586977694184
2.08368015289,0.000609164126217
2.086176157,0.000297171063721
2.08868098259,-9.02696046978e-05
2.09117293358,-0.000253644539043
2.0936729908,-4.43344470114e-05
2.0962331295,0.000362015562132
2.09883594513,0.00064010033384
2.10137414932,0.000530035467818
2.10386514664,0.000163709046319
2.10618710518,-0.000185385579243
2.10865402222,-0.00022483873181
2.11114311218,7.95978121459e-05
2.11367797852,0.000482320319861
2.11614108086,0.0006477185525
2.11863207817,0.000429130159318
2.12116312981,3.70293855667e-05
2.12363314629,-0.00023840344511
2.12615799904,-0.000153704313561
2.12873315811,0.00021533225663
2.13136315346,0.000578232575208
2.13382005692,0.000613019801676
2.13624811172,0.000307258451357
2.13863396645,-8.04173760116e-05
2.14110398293,-0.00025472487323
2.14360308647,-5.66220842302e-05
2.14613199234,0.000347919994965
2.14859414101,0.000634549651295
2.15108704567,0.00053824391216
2.1535820961,0.000177756883204
2.15609002113,-0.000175656750798
2.15867400169,-0.000230720033869
2.1612830162,6.39795325696e-05
2.1638250351,0.000471537932754
2.16628098488,0.000648638233542
2.16860103607,0.000438468996435
2.17105793953,4.89049125463e-05
2.173568964,-0.000238760840148
2.17611908913,-0.000168372644112
2.17862510681,0.000200498616323
2.18106007576,0.000572392018512
2.18354010582,0.000618227059022
2.18603515625,0.000320601975545
2.1886100769,-7.05081038177e-05
2.19127011299,-0.000253638718277
2.19398212433,-6.45196996629e-05
2.19623112679,0.000336499651894
2.19858312607,0.000630317954347
2.20103096962,0.000546759692952
2.20351409912,0.000191504368559
2.20602202415,-0.00016734120436
2.20855712891,-0.000236288178712
2.21105003357,5.21156471223e-05
2.21350097656,0.00046179164201
2.21599602699,0.000650448491797
2.21852302551,0.000449226936325
2.22107696533,5.99271152169e-05
2.22388100624,-0.000232834136114
2.22615194321,-0.000174513552338
2.22863006592,0.000185490353033
2.23098492622,0.000560624757782
2.23347306252,0.000621773069724
2.23596596718,0.000334256328642
2.23847603798,-5.86186069995e-05
2.24102902412,-0.000258156796917
2.24349093437,-7.70739279687e-05
2.24595499039,0.000322641571984
2.24845194817,0.000626128166914
2.2510330677,0.000554675934836
2.25368714333,0.000206491677091
2.25629711151,-0.000158899929374
2.25861597061,-0.000239945948124
2.26096916199,3.94927337766e-05
2.26343011856,0.000449487706646
2.2659239769,0.000648379791528
2.26842212677,0.000459913862869
2.27092003822,7.28468876332e-05
2.27348995209,-0.000227839918807
2.27593612671,-0.000181263312697
2.27840614319,0.000175561290234
2.28098106384,0.000556214945391
2.28359508514,0.00062666949816
2.28611207008,0.000343992142007
2.28856301308,-4.9713999033e-05
2.29096913338,-0.000255355844274
2.29340696335,-8.52963421494e-05
2.29588413239,0.00031218631193
2.29838013649,0.000622891820967
2.30087399483,0.000563838984817
2.30337095261,0.000218517379835
2.30593299866,-0.000149782281369
2.30838513374,-0.000239815562963
2.3109331131,3.04367858917e-05
2.3135240078,0.000438914867118
2.31604194641,0.000648988643661
2.31855416298,0.000471225939691
2.32092905045,8.5401115939e-05
2.3234140873,-0.000225108815357
2.32585406303,-0.000188989797607
2.32835292816,0.000160485506058
2.33083415031,0.000545216025785
2.33332800865,0.000630639260635
2.33582901955,0.000356007367373
2.33841109276,-3.80713026971e-05
2.34091615677,-0.000253214966506
2.34352397919,-9.77842137218e-05
2.34601593018,0.000295004574582
2.34851193428,0.000617508776486
2.35085606575,0.000570591073483
2.35337305069,0.000230380101129
2.35582613945,-0.000140233896673
2.35836696625,-0.000245036790147
2.36078906059,1.73307489604e-05
2.36328911781,0.000425718026236
2.36578392982,0.000649688299745
2.36833000183,0.000484369229525
2.37087702751,9.91544220597e-05
2.37337112427,-0.000218815403059
2.37612295151,-0.000193790765479
2.37852597237,0.000146409729496
2.38083600998,0.000536921434104
2.38326096535,0.000634004827589
2.38581299782,0.000366158783436
2.38828110695,-2.79548112303e-05
2.39075708389,-0.00025532557629
2.39325404167,-0.000110173132271
2.39574193954,0.000283302506432
2.39824008942,0.000614512246102
2.40080595016,0.000581053318456
2.40334200859,0.000240228837356
2.40593314171,-0.000135021982715
2.40857505798,-0.000247255666181
2.41089105606,4.65428456664e-06
2.41323399544,0.000412975205109
2.41570997238,0.000646327389404
2.41827702522,0.000491868704557
2.42071795464,0.000112743582577
2.42321705818,-0.000210816506296
2.42574810982,-0.000200890935957
2.42819714546,0.000134189613163
2.43069005013,0.000525786308572
2.43328094482,0.000638004858047
2.43579912186,0.000380870187655
2.43851995468,-1.18208117783e-05
2.44087910652,-0.000251332530752
2.44330716133,-0.000118529424071
2.44568109512,0.000271177850664
2.44817304611,0.000606651883572
2.45072197914,0.000585081288591
2.45316696167,0.000253056641668
2.45566892624,-0.000126076629385
2.45816802979,-0.000250616576523
2.46065592766,-7.5763091445e-06
2.46322107315,0.000401848228648
2.46575593948,0.000646180706099
2.46838998795,0.00049848575145
2.47084093094,0.000121828634292
2.47325897217,-0.000208182027563
2.47564506531,-0.000207708217204
2.47813200951,0.000121718039736
2.4806599617,0.000515441643074
2.48315000534,0.00064026331529
2.48561501503,0.00039187958464
2.48812603951,-3.86848114431e-06
2.49061703682,-0.000251737656072
2.49314212799,-0.000130417756736
2.495677948,0.000257084611803
2.49847197533,0.000601115170866
2.50077295303,0.000593290897086
2.5032081604,0.000270028831437
2.50560808182,-0.000111551489681
2.5080909729,-0.000252337194979
2.51058602333,-2.0582228899e-05
2.51313710213,0.000388997141272
2.51559996605,0.000642776722088
2.51808595657,0.000507899094373
2.52056694031,0.000135245500132
2.52307295799,-0.000199633650482
2.52565312386,-0.000211915466934
2.52843999863,0.000107024097815
2.53074598312,0.000505464849994
2.53329706192,0.000641122460365
2.535572052,0.00040041632019
2.53804302216,8.45640897751e-06
2.54055309296,-0.000245867995545
2.54303812981,-0.000134274596348
2.5456161499,0.000245897099376
2.54804611206,0.000595052260906
2.550522089,0.000600120984018
2.55302000046,0.000281312968582
2.55558896065,-0.00010262359865
2.55824613571,-0.000252448953688
2.56074905396,-3.21818515658e-05
2.56320595741,0.000378397526219
2.56556606293,0.000644453102723
2.56799793243,0.000518795568496
2.57049703598,0.000148771796376
2.57300305367,-0.000190973514691
2.57549309731,-0.0002179981675
2.5780479908,9.5454743132e-05
2.58049297333,0.000496670836583
2.58298015594,0.000645354157314
2.58550095558,0.000412086956203
2.58804011345,1.91479921341e-05
2.59088897705,-0.000249824952334
2.59310102463,-0.000146520324051
2.59562015533,0.000231679296121
2.59797811508,0.000587638933212
2.60045194626,0.000605209497735
2.60295009613,0.000292657641694
2.60545611382,-9.37364529818e-05
2.60795211792,-0.000255024060607
2.61052894592,-4.40899748355e-05
2.61294198036,0.000364206498489
2.61543607712,0.000639195786789
2.61800599098,0.00052765593864
2.62064194679,0.000161278294399
2.62311005592,-0.000186251709238
2.62561798096,-0.000225310213864
2.62798595428,8.23638401926e-05
2.63041710854,0.000485698692501
2.63290596008,0.000647702254355
2.63540315628,0.000425797188655
2.63790202141,3.53052746505e-05
2.64043903351,-0.000240369699895
2.64294099808,-0.000153357395902
2.64539504051,0.000219829380512
2.64795994759,0.0005812139716
2.65055394173,0.00061024678871
2.65310311317,0.000304746208712
2.65551495552,-8.31543002278e-05
2.65797400475,-0.00025702174753
2.66039609909,-5.45964576304e-05
2.66286802292,0.000352793140337
2.66536092758,0.000637979246676
2.66785907745,0.000537738669664
2.67035794258,0.000173806911334
2.67290711403,-0.000178985064849
2.67538309097,-0.000226590782404
2.67792606354,7.34638888389e-05
2.6805100441,0.00047791050747
2.68308901787,0.000648852437735
2.68554997444,0.000433920649812
2.68786096573,4.43530734628e-05
2.69041800499,-0.000236197374761
2.69283914566,-0.000159700866789
2.69532394409,0.000208142446354
2.69782400131,0.000573123106733
2.70031309128,0.000613513402641
2.70280814171,0.00031448667869
2.70536899567,-7.28340819478e-05
2.70791101456,-0.000256203347817
2.71049594879,-6.41425140202e-05
2.71300315857,0.000343937426805
2.71548104286,0.000636113109067
2.71781897545,0.000541983172297
2.72030115128,0.000185597455129
2.7228410244,-0.000168902333826
2.72528910637,-0.000230926088989
2.72781801224,5.75091689825e-05
2.73027396202,0.000464650802314
2.73276805878,0.000650245929137
2.73526215553,0.000445733312517
2.73785114288,5.68688847125e-05
2.74037003517,-0.00023296684958
2.74308800697,-0.000170959392563
2.74545192719,0.000190516002476
2.74788808823,0.000563221983612
2.75026011467,0.00061895349063
2.75277209282,0.000328484456986
2.75525712967,-6.42996747047e-05
2.75774598122,-0.000256963539869
2.76023602486,-7.52753112465e-05
2.76272797585,0.000325969886035
2.76521992683,0.000628795241937
2.76772212982,0.000555014703423
2.77034115791,0.000198914203793
2.77290010452,-0.000166300451383
2.77544593811,-0.000238341744989
2.77787399292,4.45696059614e-05
2.78022813797,0.000452564563602
2.78270196915,0.000653146998957
2.78523206711,0.00045869150199
2.78770804405,7.07618892193e-05
2.79020595551,-0.000226834090427
2.79269003868,-0.000177186448127
2.79518294334,0.000180642819032
2.79768013954,0.000559469917789
2.80024600029,0.000625583343208
2.80284309387,0.000340491533279
2.80527114868,-5.14951534569e-05
2.80798912048,-0.000255735358223
2.81068611145,-8.59401188791e-05
2.8129940033,0.000314140925184
2.81523609161,0.000623496016487
2.81774806976,0.000558793544769
2.82017803192,0.000210435828194
2.82267308235,-0.000153341097757
2.82516694069,-0.000239918008447
2.82765507698,3.27883753926e-05
2.8345489502,0.000648177228868
2.83850312233,8.3475606516e-05
2.84050607681,-0.000219417270273
2.84283900261,-0.000182834919542
2.84520602226,0.000165604287758
2.84763503075,0.000547326635569
2.85016798973,0.000630186405033
2.85262513161,0.000351695343852
2.8551299572,-4.26440965384e-05
2.85762095451,-0.000255818013102
2.86259412766,-9.372131899e-05
2.86460995674,0.000191330909729
2.86779904366,0.000566855305806
2.87023711205,0.000224726973101
2.87260603905,-0.000144455116242
2.87507915497,-0.000244014663622
2.87757110596,1.93994492292e-05
2.88010406494,0.000428261701018
2.88259410858,0.00064691179432
2.88506007195,0.000476402929053
2.88755297661,9.19157173485e-05
2.89008498192,-0.000221355585381
2.89266896248,-0.000190017744899
2.89539194107,0.000153835862875
2.89773702621,0.000540626933798
2.90015602112,0.0006363238208
2.90271496773,0.000364573206753
2.90508913994,-3.39897815138e-05
2.90761804581,-0.000255043851212
2.91018605232,-0.000102547928691
2.91282105446,0.000293210614473
2.91507601738,0.000618206104264
2.91753101349,0.000578243052587
2.92002296448,0.000239056535065
2.92260909081,-0.000136385206133
2.92884206772,6.86617568135e-06
2.9326710701,0.00065095955506
2.93452000618,0.000489968806505
2.93691205978,0.000107898376882
2.9394159317,-0.000214098254219
2.94190907478,-0.000198885099962
2.94440102577,0.000141172204167
2.94690513611,0.000529853859916
2.94939112663,0.000636969925836
2.9519431591,0.00037279794924
2.95470905304,-2.0491424948e-05
2.95704698563,-0.000253781909123
2.95940494537,-0.000112856505439
2.96187710762,0.000279402593151
2.96437096596,0.00060813035816
2.96687507629,0.000581245403737
2.96936798096,0.00024852110073
2.9718670845,-0.000128105748445
2.97436499596,-0.000249065924436
2.97686696053,-5.10248355567e-06
2.97934794426,0.000407489715144
2.98185515404,0.00064825406298
2.98459815979,0.000496107386425
2.98712897301,0.000116664450616
2.98941802979,-0.000208533601835
2.99185109138,-0.000201215734705
2.99439311028,0.000128524843603
2.9968521595,0.000522707123309
2.99933314323,0.000641862861812
3.00182914734,0.000386122846976
3.00433206558,-1.11560802907e-05
3.00686216354,-0.000251899473369
3.00947093964,-0.000124024227262
3.01184010506,0.000264295376837
3.01446413994,0.000604605302215
3.01700901985,0.000590350246057
3.01940393448,0.000263114925474
3.02181196213,-0.000117727322504
3.02477312088,-0.000247912248597
3.02686214447,-1.18755269796e-05
3.02929496765,0.000397308031097
3.03178811073,0.000647122506052
3.03428316116,0.000505620846525
3.03677892685,0.000128698302433
3.03928112984,-0.000202098162845
3.04177594185,-0.000209349673241
3.04436993599,0.000115972943604
3.04704999924,0.000513171544299
3.04939508438,0.000643078237772
3.05176496506,0.000396955292672
3.05425906181,2.86614522338e-06
3.05676007271,-0.000247247517109
3.0592520237,-0.000133909052238
3.06174397469,0.000248322030529
3.06423902512,0.000598130282015
3.06673598289,0.000595663441345
3.06923508644,0.000273052137345
3.07173514366,-0.000107319792733
3.07430315018,-0.000253532780334
3.07716393471,-2.5078188628e-05
3.07944893837,0.000384591985494
3.08174610138,0.000644846586511
3.08421397209,0.000515654683113
3.08671092987,0.00014134333469
3.08923411369,-0.000199924688786
3.09170794487,-0.000219655921683
3.09419894218,9.91031993181e-05
3.09669494629,0.000502248294652
3.09919500351,0.000646141124889
3.10168910027,0.000407872721553
3.10419297218,1.17754098028e-05
3.1069381237,-0.000245665432885
3.10941004753,-0.000140224583447
3.11180710793,0.000235058832914
3.1141769886,0.000590754207224
3.11667013168,0.000601476058364
3.11916899681,0.000285253627226
3.12170600891,-9.82964411378e-05
3.12416696548,-0.000253400066867
3.12665915489,-3.73413786292e-05
3.12915706635,0.000372793292627
3.13164901733,0.00064236111939
3.13414502144,0.000521976035088
3.14106607437,0.000154717126861
3.14220309258,-0.000220042420551
3.14413499832,8.62707383931e-05
3.14662909508,0.000496754655614
3.14912509918,0.000649687135592
3.15162301064,0.000417337287217
3.1541531086,2.72179022431e-05
3.1566259861,-0.000244118273258
3.15911793709,-0.000149440020323
3.16160702705,0.000226616393775
3.16410398483,0.000583523651585
3.16666603088,0.000609529670328
3.17701911926,-5.00783789903e-05
3.17909693718,0.000360790872946
3.18157815933,0.000641710357741
3.18460893631,0.00053164199926
3.18658709526,0.000166669487953
3.18907499313,-0.000180603237823
3.19157004356,-0.000226094853133
3.1940600872,7.58958049119e-05
3.19656515121,0.000480266753584
3.20300507545,0.000646299449727
3.20412302017,3.61597631127e-05
3.20655298233,-0.000241949455813
3.20904612541,-0.000154721783474
3.2115380764,0.000214212341234
3.21403312683,0.000577860046178
3.21653008461,0.000614031450823
3.21902704239,0.000309927854687
3.22152400017,-7.90855847299e-05
3.22402405739,-0.000256241764873
3.22651815414,-6.023212336e-05
3.23343706131,0.000349200563505
3.23455905914,0.000541523331776
3.23650193214,0.000177103793249
3.23902010918,-0.000175760360435
3.24150300026,-0.000230249715969
3.2439930439,6.34661410004e-05
3.246489048,0.000471636885777
3.24898600578,0.00064644147642
3.25148105621,0.000436692498624
3.25397706032,0.0
3.30654096603,0.765654110583
3.35646796227,1.18244117242
3.40639805794,1.31688523223
3.45633101463,1.34794059093
3.5062520504,0.0
3.55879592896,1.35740248836
3.60878300667,1.36661325931
3.65865302086,1.37652349076
3.70858407021,1.38363856007
3.8557240963,0.448567600688
3.90565609932,1.08994738897
3.95558905602,1.32914393093
4.00552010536,1.38215813553
4.05544710159,1.39383424306
4.10538506508,1.39499305631
4.15531396866,1.39598642243
4.20525598526,1.39550431515
4.2551779747,1.39627342578
4.30511808395,1.39573971159
4.35503315926,1.39570320374
4.40497493744,1.39611546532
4.45489811897,1.39633099549
4.50483393669,1.39741285006
4.55475115776,1.39639172237
4.60469102859,1.39550867374
4.65462708473,1.39817319694
4.70455813408,1.39639052912
4.75448894501,1.39678698732
4.80442905426,1.39797333279
4.85434913635,1.39768473455
4.90428996086,1.39723366359
4.95421099663,1.39628379722
5.00414013863,1.3977964106
5.05407309532,1.39735694043
5.10401415825,1.39819040429
5.15393304825,1.39834936475
5.20386314392,1.39810384251
5.25379800797,1.39836875955
5.30373907089,1.40029671369
5.35365509987,1.39815477887
5.40360093117,1.39651981415
5.45352101326,1.39945882023
5.50344204903,1.39929519617
5.55338001251,1.39680901659
5.60332298279,1.39564119396
5.6532459259,1.39496725635
5.70318698883,1.39823343488
5.75309896469,1.39683469664
5.80303502083,1.39849049505
5.85295605659,1.39780074824
5.90290999413,1.39949033386
5.95282912254,1.39849991887
6.00275015831,1.39844899182
6.05268597603,1.39878544491
6.10262393951,1.40373107977
6.15254497528,1.399331867
6.202491045,1.40323981876
6.25240707397,1.39920640853
6.3023519516,1.39882487361
6.35226607323,1.39875234105
6.40219807625,1.39926509
6.45213007927,1.4007592795
6.50206303596,1.39949372271
6.55199408531,1.39823421487
6.60193514824,1.39977966202
6.65184593201,1.40329721035
6.70179414749,1.40194878331
6.75171399117,1.40092223766
6.80165410042,1.40156591544
6.85157394409,1.40152801643
6.90152001381,1.40075230156
6.95143604279,1.4001348312
7.00136613846,1.40067509841
7.05129599571,1.40032299911
7.10122394562,1.39969979762
7.15115714073,1.40107304556
7.20109009743,1.40573492274
7.25102210045,1.40371274087
7.30096006393,1.40236199601
7.35088014603,1.40005882015
7.40082001686,1.40190967591
7.45074009895,1.40125278151
7.5006840229,1.40194086125
7.55060315132,1.40138011426
7.60053396225,1.40168616432
7.65046811104,1.40008794959
7.70039415359,1.40048588859
7.75032806396,1.4010204107
7.80026698112,1.40057447017
7.85018515587,1.39998895582
7.90013098717,1.40365330619
7.95005106926,1.4033158333
7.99999094009,1.40287452028
8.0499060154,1.40173606924
8.09985113144,1.39977700193
8.14976406097,1.3990276074
8.19969797134,1.39970858232
8.24963092804,1.40065622982
8.29957008362,1.39850049629
8.34948611259,1.39984716428
8.39944314957,1.40012117801
8.4493689537,1.39834638103
8.49929594994,1.39911298989
8.54921507835,1.39932688908
8.59915208817,1.3963952777
8.64906406403,1.39565567137
8.6989979744,1.39522289974
8.74893498421,1.39841538505
8.79886698723,1.39825658756
8.84879493713,1.39567283215
8.89874100685,1.39786269632
8.94865107536,1.39811644563
8.99859809875,1.3968841359
9.04852104187,1.39525070554
9.09846305847,1.3953270705
9.14837813377,1.39755154029
9.19831204414,1.39557428891
9.24823999405,1.39463480329
9.29818105698,1.39583153883
9.34809613228,1.39617752749
9.39802908897,1.39514064649
9.44796395302,1.39517226256
9.49790215492,1.39676833525
9.54782915115,1.395959293
9.59776616096,1.39419849846
9.64768815041,1.39631356229
9.69762897491,1.39631920727
9.74755001068,1.39692820609
9.79749011993,1.39788290835
9.8474111557,1.39762871666
9.89735198021,1.39515154762
9.94726896286,1.39401884633
9.99719715118,1.39303559903
10.0471279621,1.39443104854
10.0970780849,1.39256455353
10.1469931602,1.39515892603
10.196928978,1.39389195014
10.2468700409,1.39209726476
10.2968170643,1.39166398672
10.3467159271,1.39311064384
10.3966591358,1.39269656735
10.4465761185,1.39540340402
10.4965090752,1.39648612472
10.5464410782,1.3986936037
10.5963730812,1.40268227784
10.6462960243,1.40458715498
10.696242094,1.39896420529
10.746160984,1.39948141761
10.7960870266,1.39729625429
10.8460259438,1.39895992703
10.8959670067,1.39773372095
10.945882082,1.39783095103
10.9958300591,1.39624496922
11.0457479954,1.39595557353
11.0956940651,1.39271001797
11.1456079483,1.3893540774
11.1955399513,1.39014848857
11.245470047,1.38956915587
11.2954120636,1.39065759256
11.3453321457,1.38820702559
11.3952641487,1.39104683069
11.4451911449,1.3949988212
11.4951310158,1.40024353168
11.5450479984,1.40142204938
11.594990015,1.40157157439
11.6449110508,1.40357892029
11.694849968,1.40370501787
11.7447659969,1.40850964119
11.7947001457,1.41568091232
11.8446280956,1.42116300878
11.8945729733,1.42170201405
11.9444880486,1.41869607149
11.9944319725,1.41604821081
12.0443539619,1.41533512156
12.094299078,1.41435575671
12.1442141533,1.41578368377
12.1941549778,1.4162523218
12.2440769672,1.41068936442
12.2940149307,1.41026777099
12.3439359665,1.4112739102
12.3938770294,1.40355512965
12.4437961578,1.39953145757
12.4937341213,1.39709666139
12.5436589718,1.39785700012
12.593599081,1.39672775869
12.6435160637,1.39550269232
12.6934580803,1.39943112386
12.7433760166,1.45549963461
12.7933170795,1.48624701658
12.8432350159,1.48638558923
12.8931720257,1.44211043254
12.9430940151,1.43619865878
12.9930379391,1.4264079195
13.0429570675,1.42321777646
13.0928981304,1.49102267809
13.1428201199,1.4914119686
13.1927640438,1.49128301069
13.2426769733,1.49211806827
13.2926249504,1.48937947815
13.3425419331,1.49451669655
13.3924839497,1.45128392498
13.4424021244,1.43546713516
13.492347002,1.49124969845
13.5422599316,1.16853007698
13.5922009945,-0.173979748506
13.6421351433,-0.174646207597
13.6920759678,-0.21534439642
13.7419960499,-0.638252057834
13.791932106,0.48724004766
13.8418419361,1.29167295294
13.891782999,1.47962894524
13.9417059422,1.48932043812
13.9916460514,1.49087314145
14.0415639877,1.49220447056
14.0915081501,1.49182814639
14.1414251328,1.4927231567
14.1913640499,1.49221895728
14.241286993,1.44158882904
14.2912290096,1.43892416032
14.341146946,1.42528328928
14.3910770416,1.42004544847
14.4410059452,1.43037771573
14.490942955,1.43400696688
14.5408611298,1.43182773842
14.5908050537,1.41841713805
14.6407251358,1.41053625848
14.6906671524,1.40982938581
14.7405900955,1.40548716998
14.7905321121,1.40450607287
15.2268371582,1.40399770346
15.276777029,1.39948010677
15.3266971111,1.39999444364
15.3766410351,1.40240107896
15.4265580177,1.40328837442
15.4764959812,1.40275347745
15.5264220238,1.4035782963
15.5763630867,1.40538138105
15.6262829304,1.40530352714
15.676224947,1.40614816803
15.7261450291,1.41074914252
15.7760879993,1.40818442684
15.8260071278,1.41051425133
15.8759469986,1.41159293242
15.9258730412,1.41268984764
15.9758131504,1.41614455846
16.0257360935,1.46349525196
16.0756771564,1.48258951027
16.1255950928,1.44733534311
16.1755430698,1.44815677893
16.225456953,1.44896687591
16.2753989697,1.44457163871
16.3253209591,1.4391342958
16.375262022,1.44369671703
16.4251730442,1.44723404199
16.4751091003,1.46500944393
16.5250389576,1.49610265158
16.57498312,1.49188425043
16.62490201,1.49143294198
16.6748449802,1.49369181949
16.7247619629,1.49200941087
16.7747049332,1.49455395411
16.824627161,1.49170297198
16.8745689392,1.4926242514
16.9244930744,1.49393798085
16.9744279385,1.49523198605
17.0243461132,1.49372081505
17.0742919445,1.49366883561
17.1242051125,1.49259313941
17.1741549969,1.49026676663
17.2240710258,1.49044243968
17.2740049362,1.49149592384
17.3239369392,1.4909800142
17.3738760948,1.49269356392
17.4237999916,1.49247215595
17.4737401009,1.49393771891
17.5236520767,1.49423150113
17.5735969543,1.49307898013
17.6235189438,1.49311476038
17.673459053,1.49202989764
17.7233760357,1.49195431615
17.7733099461,1.4938271651
17.8232319355,1.49197866092
17.8731689453,1.49264872191
17.9230890274,1.4952679933
17.9730241299,1.4940570551
18.0229539871,1.49439176545
18.072881937,1.49560040794
18.1228120327,1.49413175881
18.1727480888,1.49540929939
18.2226750851,1.49618617957
18.2726171017,1.49521232233
18.3225340843,1.49565139203
18.3724739552,1.49644481135
18.4223899841,1.49640849326
18.4723351002,1.49540031212
18.5222520828,1.49838530342
18.5721850395,1.49638378527
18.6221160889,1.49790131836
18.6720571518,1.49624413578
18.7219779491,1.49674294749
18.771916151,1.49693289306
18.8218381405,1.4995714894
18.8717780113,1.49784363923
18.9217000008,1.49656245601
18.9716360569,1.49772780249
19.0215580463,1.49885114981
19.0714941025,1.49878663011
19.1214160919,1.49855745141
19.1713621616,1.49816356599
19.221280098,1.49872130598
19.2712221146,1.49786248803
19.3211531639,1.49729718105
19.3710980415,1.49704498821
19.4210231304,1.49825066794
19.4709510803,1.50039812317
19.5208821297,1.48678322206
19.5708229542,1.50814317283
19.6207389832,1.50219948497
19.6706850529,1.50331886602
19.7206020355,1.5097626741
19.7705450058,1.50782123441
19.8204600811,1.50912266225
19.8704071045,1.50911583682
19.9203231335,1.50571449776
19.9702570438,1.50518236216
20.0201830864,1.53208272532
20.070127964,1.50063776295
20.1200489998,1.49881730671
20.169989109,1.47212427342
20.2199060917,1.4899157302
20.2698509693,1.48828058504
20.3197720051,1.48903060821
20.3697209358,1.48881377652
20.4196300507,1.49507104186
20.4695730209,1.50172777358
20.5194890499,1.49531173171
20.5694360733,1.50174216367
20.6193511486,1.49760791217
20.6692950726,1.49688284844
20.7192151546,1.49940756848
20.7691550255,1.50219349656
20.8190801144,1.49876821903
20.8690090179,1.50613044389
20.9189479351,1.50537112961
20.968870163,1.50674390723
21.0187981129,1.50595463812
21.0687401295,1.51332125417
21.1186590195,1.5081480064
21.1685991287,1.49376309593
21.218517065,1.44971808651
21.2684600353,1.43539297977
21.3183810711,1.42344846274
21.3683230877,1.41609392129
21.4182331562,1.41507828841
21.4681839943,1.40271122917
21.5181031227,1.4189654286
21.5680389404,1.42566292314
21.6179640293,1.4303153893
21.6678919792,1.43691644887
21.7178220749,1.4348945953
21.7677690983,1.440189688
21.8176870346,1.44558479777
21.8676280975,1.4627759147
21.917550087,1.49224136258
21.9674899578,1.49338709656
22.0174119473,1.49534515454
22.0673561096,1.49422461633
22.1172671318,1.49519834202
22.1672050953,1.49431389174
22.2171370983,1.49323474732
22.2670769691,1.49347271305
22.3169970512,1.49329151493
22.366943121,1.495063412
22.4168789387,1.49431111407
22.466809988,1.49406259414
22.5167181492,1.49427032098
22.5666639805,1.49153866339
22.6165821552,1.49274887983
22.6665210724,1.49147204007
22.7164399624,1.49275767501
22.7663869858,1.49213351659
22.8163020611,1.49205534835
22.866245985,1.49260923499
22.9161660671,1.49122252595
22.966105938,1.49280103273
23.016023159,1.49468750809
23.0659680367,1.49859704776
23.115885973,1.47026506485
23.1658279896,1.49819320417
23.2157480717,1.43174764351
23.2656860352,-0.977128152736
23.3156189919,-0.674765103031
23.3655631542,-0.0380895647686
23.4154770374,-0.530251035234
23.465419054,-0.190263750264
23.5153400898,-0.710145244375
23.5652780533,-0.837197259534
24.6678709984,0.0944184605032
24.7178199291,-0.241008349694
24.7677519321,-0.0567392387893
24.8176879883,-0.0904720206745
24.8676071167,-0.285711864708
24.9175410271,0.0679800566286
24.9674630165,-0.229646342341
25.0173900127,0.0178918254096
25.0673320293,-0.0629262230359
25.1172699928,-0.309818055248
25.167178154,0.157659122488
25.2171349525,-0.114341273438
25.2670500278,-0.34562832443
25.3169770241,0.10467316024
25.3669071198,-0.142141941469
25.4168679714,-0.355167429661
25.4667580128,0.0541519385297
25.5166931152,-0.178749327315
25.5666329861,-0.356405925704
25.6165559292,-0.0405396800488
25.6664810181,-0.230362752918
25.716424942,0.031077102758
25.7663509846,-0.13227257994
25.8162920475,-0.264722331194
25.8662030697,0.00666814041324
25.9161429405,-0.227560189087
25.966078043,-0.200525706168
26.0160160065,-0.0715149869211
26.0659310818,-0.308572420618
26.1158680916,0.173732569674
26.1657950878,-0.0965824548621
26.2157299519,-0.35045313416
26.2656509876,-0.876049420331
26.3156001568,-0.663807032397
26.3655159473,-0.577810053946
26.4154479504,0.1072752045
26.4653789997,-0.152668434894
26.515319109,-0.401371387998
26.5652329922,0.0830206961837
26.6151840687,-0.198494247161
26.665099144,-0.102270357311
26.7150270939,0.266039246926
26.7649509907,0.516877520131
26.81488204,0.88131147786
26.8648121357,0.915715151932
26.9147570133,0.968961704057
26.9646730423,1.12878502347
27.0146090984,1.11103998614
27.0645339489,1.08063413994
27.1144740582,1.1310661654
27.1643970013,1.12466167076
27.2143399715,1.07315105735
27.2642569542,1.14215784473
27.3142001629,1.14393283147
27.3641221523,1.07947183889
27.4140501022,1.14286763128
27.4639821053,1.12215317553
27.5139229298,1.09066688805
27.5638430119,1.10265281983
27.6137840748,1.13208606257
27.6637020111,1.13237146172
27.7136330605,1.03374281898
27.7635660172,1.18076926097
27.8135049343,1.12071582815
27.8634221554,1.03399138316
27.9133541584,1.15214077989
27.963283062,1.13316284493
28.0132131577,1.07283858815
28.0631480217,1.12642784254
28.1130859852,1.1253068957
28.1630060673,1.07129411423
28.2129480839,1.11346661812
28.2628660202,1.14337269217
28.3128080368,1.07579830335
28.3627281189,1.13480380038
28.4126670361,1.12357398262
28.4625890255,1.11073044478
28.5125300884,1.07396771549
28.5624499321,1.12378807506
28.6123900414,1.13690211321
28.6623079777,1.0132626351
28.7122530937,1.15989169455
28.7621719837,1.12222482916
28.8121140003,1.03214866598
28.8620319366,1.12993527437
28.9119729996,1.13085303805
28.961892128,1.08042651555
29.0118379593,1.1050134385
29.0617511272,1.15159384557
29.111700058,1.07473457349
29.1616201401,1.1060015473
29.21154809,1.15114981425
29.2614810467,1.09344078461
29.3114211559,1.12228402286
29.3613419533,1.13311231369
29.4112870693,1.13883031998
29.461204052,1.0693542962
29.5111329556,1.16457815166
29.5610661507,1.13037827658
29.6110129356,0.998347632121
29.6609301567,1.13632502966
29.7108750343,1.13199776621
29.760792017,1.07836163952
29.8107359409,1.14510237239
29.8606491089,1.16400590283
29.9105830193,1.08880896471
29.9605131149,1.11397203174
30.0104401112,1.16170715424
30.0603699684,1.08724396676
30.1103200912,1.11562775797
30.1602330208,1.14396136603
30.2101769447,1.1266698176
30.2600979805,1.08197910711
30.310035944,1.14282629336
30.3599560261,1.15035474999
30.4098980427,1.02203702903
30.459813118,1.14899386535
30.5097661018,1.13243386964
30.5596871376,1.05363425682
30.6096191406,1.12865007133
30.6595461369,1.13704257645
30.7094860077,1.082291489
30.7594020367,1.09294433729
30.8093481064,1.15364079364
30.8592610359,1.06601782492
30.9092030525,1.10129751265
30.9591281414,1.13853849238
31.0090680122,1.10173381632
31.0589799881,1.09368988662
31.1089279652,1.10291490797
31.1588470936,1.13100755261
31.2087860107,1.04038798367
31.2587080002,1.13801384112
31.3086521626,1.15249970346
31.3585720062,1.02726885583
31.4085171223,1.12587705487
31.4584360123,1.1448397208
31.5083789825,1.08399478137
31.5583000183,1.09708311385
31.6082370281,1.16206548759
31.6581540108,1.08950252063
31.7080979347,1.09095605323
31.7580120564,1.13423567498
31.8079590797,1.09829828958
31.8578791618,1.1164611089
31.9078199863,1.10402631108
31.9577441216,1.14264565054
32.0076849461,1.06400322285
32.0575971603,1.13124891417
32.1075501442,1.17688826984
32.1574599743,1.03212159593
32.2073979378,1.16714530275
32.2573189735,1.16261259886
32.3072619438,1.08030600939
32.3571839333,1.11001688289
32.4071140289,1.16369123571
32.4570450783,1.11390905338
32.506991148,1.07691983343
32.5569090843,1.14281408838
32.6068620682,1.08908014954
32.6567599773,1.09110220801
32.7067010403,1.12915006932
32.7566139698,1.1355314299
32.8065531254,1.07916184701
32.856470108,1.09746864648
32.9064030647,1.14784619189
32.956330061,1.02282891516
33.0062720776,1.11728909309
33.0561950207,1.13830070011
33.10612607,1.04199250694
33.1560571194,1.08915369259
33.2059969902,1.14565275377
33.2559199333,1.08967698994
33.3058600426,1.07375324238
33.3557729721,1.1653648701
33.4057071209,1.10871088691
33.4556369781,1.08498446411
33.5055730343,1.12335162587
33.5554990768,1.13209087285
33.6054430008,1.09651084756
33.6553659439,1.08677273733
33.705299139,1.15517491591
33.7552289963,1.06537992833
33.8051710129,1.12402769621
33.8550920486,1.16298141074
33.9050340652,1.04706342565
33.9549541473,1.11470008735
34.0048930645,1.15715980763
34.0548150539,1.09279269236
34.1047501564,1.08452781104
34.1546771526,1.1773748789
34.2046179771,1.1043214181
34.254543066,1.07154344558
34.3044891357,1.13385192235
34.3544139862,1.11341855605
34.404350996,1.09928647405
34.4542701244,1.05953519233
34.5042150021,1.15930757835
34.5541350842,1.06766090263
34.6040761471,1.07551516849
34.6539940834,1.16388624068
34.7039420605,1.03831238113
34.7538580894,1.10518366098
34.803800106,1.14358353196
34.853718996,1.08691924252
34.9036641121,1.05635746499
34.9535801411,1.16222498356
35.0035250187,1.1302885809
35.0534391403,1.04066830245
35.1033811569,1.14240658586
35.1533010006,1.12486834871
35.2032470703,1.09059618786
35.2531681061,1.09470468131
35.3031110764,1.16738066194
35.3530311584,1.0853747942
35.4029700756,1.04430512292
35.4528889656,1.15474216989
35.5028319359,1.06578164152
35.5527501106,1.08817531029
35.6026890278,1.15113630891
35.6526119709,1.05516053503
35.7025611401,1.07638187474
35.7524721622,1.14702406339
35.8024151325,1.11561563797
35.852337122,1.06783794705
35.9022700787,1.16511510103
35.9521970749,1.11470192554
36.0021440983,1.04419416981
36.0520620346,1.0782534699
36.1020081043,1.12294152612
36.1519241333,1.0812480154
36.2018699646,1.03117238265
36.2517850399,1.16824060911
36.3017201424,1.0621781589
36.3516509533,1.06083060382
36.4015929699,1.15874195355
36.4515099525,1.04702592245
36.5014550686,1.07437016908
36.5513720512,1.1330063513
36.6013100147,1.09725833638
36.6512329578,1.04155184934
36.7011780739,1.1550320778
36.7510941029,1.12540487316
36.8010370731,1.05187053792
36.8509590626,1.1163307738
36.9008951187,1.12077840022
36.9508199692,1.07545579551
37.0007610321,1.04323301464
37.050686121,1.17648164975
37.1006250381,1.08414521557
37.1505439281,1.03959165397
37.2004880905,1.16489814827
37.2504060268,1.06114211841
37.3003489971,1.0667104763
37.3502669334,1.12719933386
37.4002101421,1.09044261859
37.4501280785,1.03859241935
37.5000700951,1.12465328537
37.5499880314,1.12089140457
37.5999341011,1.03791650617
37.6498510838,1.1351840198
37.699794054,1.12906509661
37.7497141361,1.08015826438
37.7996590137,1.07910399325
37.8495690823,1.15658269729
37.8995189667,1.1001854972
37.9494349957,1.02426704485
37.9993770123,1.18039962603
38.0492961407,1.09711480793
38.0992400646,1.0585001146
38.1491529942,1.15745149087
38.1990959644,1.09256244614
38.2490170002,1.06149109313
38.2989439964,1.13520901534
38.3488750458,1.13075678935
38.398815155,1.0522639635
38.448734045,1.15199808613
38.4986829758,1.13348348765
38.5485999584,1.07768174959
38.5985469818,1.09200475737
38.6484620571,1.14570424543
38.6984050274,1.11051143729
38.748319149,1.01106618065
38.7982649803,1.18447119487
38.8481860161,1.09343439224
38.8981249332,1.04469396407
38.9480440617,1.16492013214
38.9979901314,1.09336837311
39.0479061604,1.07491370873
39.0978529453,1.13097442547
39.1477820873,1.12125097308
39.1977140903,1.04462896124
39.2476329803,1.13641707692
39.2975740433,1.13010353525
39.3474869728,1.05524566839
39.3974380493,1.10252682469
39.4473540783,1.13586085266
39.4973011017,1.09411382349
39.5472180843,1.04504814139
39.5971601009,1.17093298235
39.6470799446,1.09179263236
39.697024107,1.01848792983
39.7469451427,1.1548066861
39.796888113,1.09939510119
39.8468191624,1.06092336704
39.8967421055,1.13399481284
39.9466619492,1.12566465163
39.9965860844,1.06566240545
40.0465221405,1.13090806175
40.096462965,1.14729733323
40.1463830471,1.06210877653
40.1963250637,1.13225313951
40.2462410927,1.12787443912
40.296184063,1.09018696705
40.3461050987,1.06042441214
40.3960361481,1.13527212525
40.4459660053,1.10879357322
40.4959070683,1.00188699435
40.5458259583,1.15619345568
40.595772028,1.09412624035
40.6456849575,1.04653056012
40.6956350803,1.14620954148
40.7455551624,1.11977481283
40.7954919338,1.06704201666
40.8454120159,1.10569563229
40.8953559399,1.12353909761
40.945276022,1.04560348787
40.9952199459,1.12592727295
41.0451340675,1.12511471496
41.095085144,1.085045574
41.1449999809,1.07340129674
41.1949441433,1.12565177376
41.2448649406,1.10312751611
41.2948040962,0.998203334166
41.344725132,1.1512425961
41.3946731091,1.09836280928
41.4445869923,1.02696975926
41.4945340157,1.12707065069
41.5444481373,1.12913649413
41.5943989754,1.06938492507
41.6443140507,1.09576665098
41.6942601204,1.13284429652
41.7441790104,1.04854988283
41.794121027,1.07944226358
41.8440411091,1.13164849929
41.8939831257,1.07194956043
41.9438979626,1.09068836551
41.9938271046,1.10413605114
42.0437660217,1.11074718065
42.0937020779,1.02056042873
42.1436259747,1.13038904616
42.1935679913,1.12685892032
42.2434799671,0.993905112846
42.29343009,1.1291957309
42.3433470726,1.1122232792
42.3932850361,1.04790588724
42.4432060719,1.09916741028
42.4931499958,1.12537176814
42.5430679321,1.0577388783
42.5930111408,1.09312213259
42.6429290771,1.15017246688
42.6928589344,1.06217741384
42.7427921295,1.1087381409
42.7927341461,1.12705512671
42.8426549435,1.11094299937
42.8925950527,1.07318038004
42.9425189495,1.12736537703
42.9924621582,1.12065268098
43.0423779488,0.997540315147
43.0923199654,1.15376425907
43.1422390938,1.12760927062
43.1921801567,1.02335009025
43.2420959473,1.10517830472
43.2920401096,1.13229461247
43.3419620991,1.06448646518
43.391906023,1.08349985094
43.4418201447,1.14877066575
43.4917521477,1.04792091413
43.5416791439,1.08616481768
43.5916249752,1.13965021097
43.6415431499,1.08492693515
43.6914839745,1.07759640785
43.741410017,1.10782082309
43.7913460732,1.12367063877
43.8412690163,1.04976350442
43.8912069798,1.14247558755
43.9411280155,1.14267240278
43.9910669327,1.0004838265
44.0409810543,1.12257192261
44.0909321308,1.13211681484
44.1408419609,1.06048015063
44.1907861233,1.08434064314
44.2407040596,1.14487274666
44.2906501293,1.06652455288
44.3405630589,1.07244733721
44.3905110359,1.1322182836
44.4404261112,1.07445424073
44.4903681278,1.10375936143
44.5402841568,1.0980110988
44.5902321339,1.12278926652
44.6401491165,1.05792526272
44.6900930405,1.11990480218
44.7400159836,1.15378104267
44.7899501324,1.00930685177
44.8398749828,1.13800833817
44.889811039,1.12381107872
44.9397261143,1.02827012772
44.989659071,1.08757484704
45.0395929813,1.14405984641
45.0895280838,1.07984546688
45.1394519806,1.0607873823
45.1893930435,1.15360999946
45.2393159866,1.09427055926
45.2892570496,1.10017314903
45.3391771317,1.12316912739
45.3891160488,1.08756766072
45.4390380383,1.05912652798
45.4889781475,1.06632122886
45.5388979912,1.12793988665
45.5888309479,1.0271333938
45.6387629509,1.11302414443
45.6887040138,1.14060881198
45.7386269569,1.00812972756
45.7885711193,1.0877286864
45.8384931087,1.12880443339
45.8884339333,1.06928898604
45.9383511543,1.06856154511
45.988296032,1.155492611
46.0382130146,1.07186447247
46.0881581306,1.06220762944
46.1380710602,1.11903698416
46.1880159378,1.09251989634
46.2379369736,1.08606247231
46.2878761292,1.06033139629
46.3377959728,1.13812197
46.387745142,1.04602060979
46.4376721382,1.09466570546
46.4876060486,1.16363881738
46.5375320911,1.02764720796
46.5874750614,1.10832097474
46.6373929977,1.12349471194
46.6873400211,1.04822378955
46.7372570038,1.06091613299
46.787197113,1.14927753923
46.8371150494,1.09872011701
46.8870639801,1.05719776475
46.9369750023,1.13218339975
46.9869260788,1.09334360342
47.036853075,1.08876814484
47.0867810249,1.09213868971
47.1367089748,1.13415387808
47.186645031,1.05242801714
47.2365629673,1.06180257164
47.2865049839,1.15002408857
47.3364219666,1.02881519357
47.3863639832,1.09321671422
47.4362869263,1.13992291386
47.4862289429,1.04412193992
47.5361521244,1.07136870618
47.5860910416,1.14412302035
47.6360070705,1.09145586146
47.6859519482,1.04080226854
47.7358701229,1.14209324936
47.7858099937,1.09665303375
47.8357360363,1.06422871933
47.8856780529,1.10225104261
47.9356069565,1.12801716663
47.9855279922,1.08163282042
48.0354559422,1.02690603351
48.0854070187,1.14109979244
48.135322094,1.0479990684
48.1852610111,1.07503899373
48.2351779938,1.15816117031
48.2851250172,1.04260375723
48.3350391388,1.07740245177
48.384978056,1.13801212399
48.4349081516,1.08553036698
48.4848489761,1.04599338374
48.5347700119,1.15725259297
48.5847101212,1.10950011993
48.6346340179,1.05734009529
48.6845760345,1.10983499209
48.7344961166,1.12759568612
48.7844369411,1.09124350245
48.8343629837,1.03652438847
48.8843050003,1.15866107051
48.9342200756,1.04536029743
48.9841620922,1.05756480829
49.0340840816,1.24773221323
49.0840170383,1.08683260856
49.1339459419,1.05647769757
49.1838901043,1.15119919996
49.2338070869,0.205746694701
49.2837560177,-0.00242051901296
49.3336679935,0.00129384570755
49.3836200237,-0.274714215193
49.4335570335,-0.384643613361
49.4834699631,-0.409809628036
49.5333969593,-0.394301640335
49.5833489895,-0.632297490956
49.6332640648,-0.624365969561
49.6832101345,-0.443314756267
49.7331271172,-0.972910356941
49.7830569744,-0.737135669915
49.8329920769,-0.542428195477
49.882930994,-1.12993138493
49.9328460693,-0.535759229679
49.9827809334,-0.639658690197
50.0327091217,-1.06093426468
50.082652092,-0.693790516816
50.1325740814,-0.775236573536
50.1825139523,-0.856243415037
50.2324290276,-0.44956064201
50.2823801041,-0.523329481948
50.3322911263,-0.425838825759
50.382226944,0.0607213529292
50.4321601391,-0.280577252852
50.482131958,-0.214910223149
50.5320241451,-0.0898473104462
50.5819649696,-0.308323209174
50.6318759918,0.299448368605
50.681828022,-0.269089787034
50.7317421436,-0.251692502061
50.781676054,-0.00696216127835
50.8316090107,-0.35700794193
50.8815381527,0.37168779294
50.9314689636,-0.128979407018
50.9814040661,-0.395852813963
51.0313200951,0.167513316264
51.081277132,-0.166537036421
51.131193161,-0.393656074302
51.1811289787,0.100202923641
51.2310590744,-0.226599406451
51.2810001373,-0.371114717564
51.3309180737,-0.0549608189613
51.3808629513,-0.282921788748
51.430765152,0.370491715148
51.4807260036,-0.241033565253
51.5306410789,-0.298986916896
51.5805771351,0.0659545545932
51.630507946,-0.354316158919
51.6804420948,0.259357688483
51.730369091,-0.103092878126
51.7803089619,-0.376792685129
51.8302140236,0.162192112766
51.8801679611,-0.140863304259
51.9300880432,-0.395021596923
51.9800190926,0.10618189699
52.029943943,-0.179647611221
52.0798959732,-0.411515169544
52.1298010349,0.0121744256467
52.1797559261,-0.251265447587
52.2296619415,0.738256153418
52.2796080112,1.44897503662
52.3295271397,1.47905457881
52.3794579506,1.4791168028
52.4293889999,1.48484586854
52.4793281555,1.44931332092
52.5292551517,1.40834738268
52.579185009,1.39188612695
52.6291091442,1.38543207082
52.6790630817,1.38467742014
52.728976965,1.38266628142
52.7789189816,1.38140887371
52.8288371563,1.38607948902
52.8787751198,1.38056425145
52.9286999702,1.40791041777
52.9786450863,1.39323540381
53.0285589695,1.39064735034
53.0784990788,1.38859716826
53.1284201145,1.39036441571
53.1783630848,1.39141518739
53.2282800674,1.39409940923
53.2782230377,1.39590582694
53.328140974,1.39703887515
53.378082037,1.3960776804
53.4280059338,1.39702881104
53.477946043,1.39910387807
53.527862072,1.39711665572
53.5778141022,1.3980783266
53.6277270317,1.39795436524
53.6776530743,1.39763381449
53.7275869846,1.39867492835
53.7775321007,1.39860645053
53.8274490833,1.39776156633
53.8773930073,1.39779269695
53.9273080826,1.39972155797
53.9772460461,1.3978656393
54.0271699429,1.39621416223
54.0771200657,1.39744767919
54.1270310879,1.3968343439
54.1769800186,1.40086803003
54.2269020081,1.39878268121
54.2768340111,1.39807449188
54.3267550468,1.3976731
54.3766980171,1.39696214232
54.4266190529,1.39825642225
54.4765491486,1.39961502631
54.5264799595,1.4014057233
54.5764241219,1.40103653306
54.6263401508,1.39931803686
54.6762809753,1.4001693693
54.7262060642,1.39901223592
54.7761390209,1.39688845957
54.8260660172,1.39785420382
54.8760099411,1.39832651126
54.9259290695,1.39858123148
54.9758660793,1.39771269751
55.0257909298,1.40005663969
55.075731039,1.3986779307
55.1256511211,1.40155373607
55.1755940914,1.39716446865
55.2255079746,1.39876417583
55.2754509449,1.40002229717
55.3253741264,1.3981366565
55.3753139973,1.40061558341
55.4252309799,1.39749523834
55.4751651287,1.3987202954
55.5250921249,1.39939391054
55.5750319958,1.39909735648
55.624956131,1.39928752906
55.6748950481,1.39596734196
55.724807024,1.39758512727
55.7747540474,1.39974492486
55.8246719837,1.39847632847
55.8746140003,1.39855072717
55.9245300293,1.39657897758
55.9744751453,1.39826251427
56.0243909359,1.39627050492
56.0743179321,1.3962627924
56.124256134,1.39747310546
56.1741881371,1.39827019186
56.2241139412,1.40006357688
56.2740571499,1.40085105319
56.3239741325,1.40064033214
56.3739140034,1.4001133258
56.4238290787,1.39909961727
56.4737739563,1.3972122618
56.5236899853,1.39850869775
56.573636055,1.39971690718
56.6235561371,1.39972439734
56.6734969616,1.39906915254
56.7234089375,1.39895718661
56.7733609676,1.3986565033
56.8232750893,1.40041831182
56.8732089996,1.40040607774
56.923140049,1.39745239634
56.9730639458,1.40135487192
57.0229930878,1.40108674881
57.0729310513,1.40010447358
57.122854948,1.3992268662
57.1727941036,1.39995164005
57.2227151394,1.39863619232
57.2726559639,1.39935326064
57.3225779533,1.39992322423
57.3725140095,1.39966885792
57.4224381447,1.4022994996
57.4723780155,1.40067658387
57.5222971439,1.39937500237
57.572261095,1.39983711415
57.6221590042,1.40060223988
57.6721000671,1.40122158686
57.7220189571,1.39986068127
57.7719631195,1.39989987132
57.8218901157,1.39914842322
57.8718259335,1.3989237533
57.9217500687,1.39963734429
57.9716889858,1.40170557424
58.0216100216,1.39976592502
58.0715410709,1.39962728834
58.1214699745,1.40243893256
58.1714141369,1.39942061622
58.2213330269,1.40135042253
58.2712709904,1.39857964241
58.3211939335,1.40088461107
58.3711321354,1.40091894194
58.4210560322,1.40078031109
58.4709889889,1.39931347687
58.5209219456,1.39904350275
58.5708680153,1.40182141447
58.6207849979,1.40009450377
58.6707210541,1.39963887632
58.7206499577,1.39979658532
58.7705929279,1.39894684893
58.8205060959,1.39880704926
58.8704550266,1.39787070919
58.9203710556,1.39950159006
58.970318079,1.40033122152
59.020236969,1.39833091293
59.0701770782,1.39866026351
59.120100975,1.40107231215
59.1700429916,1.40135889291
59.2199549675,1.40156444977
59.2698950768,1.40071229776
59.319822073,1.40161917661
59.3697669506,1.39954099664
59.4196910858,1.40139715746
59.4696130753,1.40195435844
59.5195469856,1.39966425253
59.5694820881,1.39947074349
59.6194090843,1.40076228301
59.6693520546,1.39928650344
59.7192690372,1.40170651721
59.7692010403,1.40313606709
59.8191270828,1.40453926753
59.8690590858,1.40090323868
59.9189860821,1.3988332008
59.9689321518,1.40116943861
60.0188510418,1.40044965432
60.068791151,1.3994360168
60.1187090874,1.40176658053
60.168651104,1.40145170502
60.2185750008,1.40373802744
60.2685079575,1.40416168724
60.3184370995,1.39939493267
60.3683750629,1.401170264
60.4182960987,1.40093910391
60.4682250023,1.40280332183
60.5181570053,1.40179504291
60.5680890083,1.39936938416
60.618019104,1.40068190405
60.6679639816,1.40121518518
60.7178800106,1.40403036028
60.7678289413,1.40219750465
60.8177490234,1.40024349792
60.8676769733,1.40178009169
60.9176089764,1.39895167318
60.9675550461,1.39983426081
61.0174729824,1.40251498437
61.0674021244,1.40091109206
61.1173319817,1.40149475192
61.1672680378,1.39976019273
61.2171890736,1.39781271806
61.267138958,1.40064050793
61.3170609474,1.40152987791
61.3670051098,1.39881945332
61.4169239998,1.40151284868
61.4668700695,1.40022117761
61.516780138,1.3971680426
61.5667281151,1.40115077025
61.6166479588,1.40110181062
61.6665830612,1.39980320353
61.7165050507,1.39898432535
61.7664489746,1.40051834402
61.8163690567,1.40136374859
61.8663110733,1.39804592123
61.9162311554,1.39898271766
61.9661719799,1.39926429023
62.0160961151,1.40208448283
62.0660369396,1.40024024178
62.1159541607,1.4011899184
62.1658830643,1.40247912379
62.2158141136,1.40019715647
62.2657499313,1.40186466277
62.3156809807,1.40227398369
62.3656201363,1.39725775807
62.4155399799,1.39913990279
62.4654829502,1.39725634479
62.515401125,1.39835093287
